V 54
K 1
D 0 -19304000 3302000 0
Y 1
U 2921000 762000 254000 0 2 3 REFDES=IC?
U 2921000 508000 254000 0 2 3 DEVICE=MTFC32GAZAQHD-IT
U 2921000 254000 254000 0 2 0 PKG_TYPE=BGA153C50P14X14_1150X1300X90
U 2921000 0 254000 0 2 0 Description=eMMC eMMC 256G
U 2921000 -254000 254000 0 2 0 Datasheet Link=https://www.farnell.com/datasheets/3542647.pdf
U 2921000 -508000 254000 0 2 0 Height=0.9
U 2921000 -762000 254000 0 2 0 Manufacturer_Name=Micron
U 2921000 -1016000 254000 0 2 0 Manufacturer_Part_Number=MTFC32GAZAQHD-IT
U 2921000 -1270000 254000 0 2 0 Mouser Part Number=340-505444-TRAY
U 2921000 -1524000 254000 0 2 0 Mouser Price/Stock=https://www.mouser.co.uk/ProductDetail/Micron/MTFC32GAZAQHD-IT?qs=KUoIvG%2F9IlZ%252Bsv3yufc3Aw%3D%3D
U 2921000 -1778000 254000 0 2 0 Arrow Part Number=MTFC32GAZAQHD-IT
U 2921000 -2032000 254000 0 2 0 Arrow Price/Stock=https://www.arrow.com/en/products/mtfc32gazaqhd-it/micron-technology?utm_currency=USD&region=nac
U 0 0 254000 0 1 0 FORWARD_PCB=1
l 5 508000 254000 2794000 254000 2794000 -19558000 508000 -19558000 508000 254000
|GRPHSTL -1 -1 -1 1
P 1 0 0 508000 0 0 2 0
L 584200 0 228600 0 2 0 1 0 NC_1
A 355600 50800 203200 0 9 3 #=A1
A 0 0 9 0 3 0 PINTYPE=BI
P 2 0 -254000 508000 -254000 0 2 0
L 584200 -254000 228600 0 2 0 1 0 NC_2
A 355600 -203200 203200 0 9 3 #=A2
A 0 0 9 0 3 0 PINTYPE=BI
P 3 0 -508000 508000 -508000 0 2 0
L 584200 -508000 228600 0 2 0 1 0 DAT0
A 355600 -457200 203200 0 9 3 #=A3
A 0 0 9 0 3 0 PINTYPE=BI
P 4 0 -762000 508000 -762000 0 2 0
L 584200 -762000 228600 0 2 0 1 0 DAT1
A 355600 -711200 203200 0 9 3 #=A4
A 0 0 9 0 3 0 PINTYPE=BI
P 5 0 -1016000 508000 -1016000 0 2 0
L 584200 -1016000 228600 0 2 0 1 0 DAT2
A 355600 -965200 203200 0 9 3 #=A5
A 0 0 9 0 3 0 PINTYPE=BI
P 6 0 -1270000 508000 -1270000 0 2 0
L 584200 -1270000 228600 0 2 0 1 0 VSS_1
A 355600 -1219200 203200 0 9 3 #=A6
A 0 0 9 0 3 0 PINTYPE=BI
P 7 0 -1524000 508000 -1524000 0 2 0
L 584200 -1524000 228600 0 2 0 1 0 RFU_1
A 355600 -1473200 203200 0 9 3 #=A7
A 0 0 9 0 3 0 PINTYPE=BI
P 8 0 -1778000 508000 -1778000 0 2 0
L 584200 -1778000 228600 0 2 0 1 0 NC_3
A 355600 -1727200 203200 0 9 3 #=A8
A 0 0 9 0 3 0 PINTYPE=BI
P 9 0 -2032000 508000 -2032000 0 2 0
L 584200 -2032000 228600 0 2 0 1 0 NC_4
A 355600 -1981200 203200 0 9 3 #=A9
A 0 0 9 0 3 0 PINTYPE=BI
P 10 0 -2286000 508000 -2286000 0 2 0
L 584200 -2286000 228600 0 2 0 1 0 NC_5
A 355600 -2235200 203200 0 9 3 #=A10
A 0 0 9 0 3 0 PINTYPE=BI
P 11 0 -2540000 508000 -2540000 0 2 0
L 584200 -2540000 228600 0 2 0 1 0 NC_6
A 355600 -2489200 203200 0 9 3 #=A11
A 0 0 9 0 3 0 PINTYPE=BI
P 12 0 -2794000 508000 -2794000 0 2 0
L 584200 -2794000 228600 0 2 0 1 0 NC_7
A 355600 -2743200 203200 0 9 3 #=A12
A 0 0 9 0 3 0 PINTYPE=BI
P 13 0 -3048000 508000 -3048000 0 2 0
L 584200 -3048000 228600 0 2 0 1 0 NC_8
A 355600 -2997200 203200 0 9 3 #=A13
A 0 0 9 0 3 0 PINTYPE=BI
P 14 0 -3302000 508000 -3302000 0 2 0
L 584200 -3302000 228600 0 2 0 1 0 NC_9
A 355600 -3251200 203200 0 9 3 #=A14
A 0 0 9 0 3 0 PINTYPE=BI
P 15 0 -3556000 508000 -3556000 0 2 0
L 584200 -3556000 228600 0 2 0 1 0 NC_10
A 355600 -3505200 203200 0 9 3 #=B1
A 0 0 9 0 3 0 PINTYPE=BI
P 16 0 -3810000 508000 -3810000 0 2 0
L 584200 -3810000 228600 0 2 0 1 0 DAT3
A 355600 -3759200 203200 0 9 3 #=B2
A 0 0 9 0 3 0 PINTYPE=BI
P 17 0 -4064000 508000 -4064000 0 2 0
L 584200 -4064000 228600 0 2 0 1 0 DAT4
A 355600 -4013200 203200 0 9 3 #=B3
A 0 0 9 0 3 0 PINTYPE=BI
P 18 0 -4318000 508000 -4318000 0 2 0
L 584200 -4318000 228600 0 2 0 1 0 DAT5
A 355600 -4267200 203200 0 9 3 #=B4
A 0 0 9 0 3 0 PINTYPE=BI
P 19 0 -4572000 508000 -4572000 0 2 0
L 584200 -4572000 228600 0 2 0 1 0 DAT6
A 355600 -4521200 203200 0 9 3 #=B5
A 0 0 9 0 3 0 PINTYPE=BI
P 20 0 -4826000 508000 -4826000 0 2 0
L 584200 -4826000 228600 0 2 0 1 0 DAT7
A 355600 -4775200 203200 0 9 3 #=B6
A 0 0 9 0 3 0 PINTYPE=BI
P 21 0 -5080000 508000 -5080000 0 2 0
L 584200 -5080000 228600 0 2 0 1 0 NC_11
A 355600 -5029200 203200 0 9 3 #=B7
A 0 0 9 0 3 0 PINTYPE=BI
P 22 0 -5334000 508000 -5334000 0 2 0
L 584200 -5334000 228600 0 2 0 1 0 NC_12
A 355600 -5283200 203200 0 9 3 #=B8
A 0 0 9 0 3 0 PINTYPE=BI
P 23 0 -5588000 508000 -5588000 0 2 0
L 584200 -5588000 228600 0 2 0 1 0 NC_13
A 355600 -5537200 203200 0 9 3 #=B9
A 0 0 9 0 3 0 PINTYPE=BI
P 24 0 -5842000 508000 -5842000 0 2 0
L 584200 -5842000 228600 0 2 0 1 0 NC_14
A 355600 -5791200 203200 0 9 3 #=B10
A 0 0 9 0 3 0 PINTYPE=BI
P 25 0 -6096000 508000 -6096000 0 2 0
L 584200 -6096000 228600 0 2 0 1 0 NC_15
A 355600 -6045200 203200 0 9 3 #=B11
A 0 0 9 0 3 0 PINTYPE=BI
P 26 0 -6350000 508000 -6350000 0 2 0
L 584200 -6350000 228600 0 2 0 1 0 NC_16
A 355600 -6299200 203200 0 9 3 #=B12
A 0 0 9 0 3 0 PINTYPE=BI
P 27 0 -6604000 508000 -6604000 0 2 0
L 584200 -6604000 228600 0 2 0 1 0 NC_17
A 355600 -6553200 203200 0 9 3 #=B13
A 0 0 9 0 3 0 PINTYPE=BI
P 28 0 -6858000 508000 -6858000 0 2 0
L 584200 -6858000 228600 0 2 0 1 0 NC_18
A 355600 -6807200 203200 0 9 3 #=B14
A 0 0 9 0 3 0 PINTYPE=BI
P 29 0 -7112000 508000 -7112000 0 2 0
L 584200 -7112000 228600 0 2 0 1 0 NC_19
A 355600 -7061200 203200 0 9 3 #=C1
A 0 0 9 0 3 0 PINTYPE=BI
P 30 0 -7366000 508000 -7366000 0 2 0
L 584200 -7366000 228600 0 2 0 1 0 VDDIM
A 355600 -7315200 203200 0 9 3 #=C2
A 0 0 9 0 3 0 PINTYPE=BI
P 31 0 -7620000 508000 -7620000 0 2 0
L 584200 -7620000 228600 0 2 0 1 0 NC_20
A 355600 -7569200 203200 0 9 3 #=C3
A 0 0 9 0 3 0 PINTYPE=BI
P 32 0 -7874000 508000 -7874000 0 2 0
L 584200 -7874000 228600 0 2 0 1 0 VSSQ_1
A 355600 -7823200 203200 0 9 3 #=C4
A 0 0 9 0 3 0 PINTYPE=BI
P 33 0 -8128000 508000 -8128000 0 2 0
L 584200 -8128000 228600 0 2 0 1 0 NC_21
A 355600 -8077200 203200 0 9 3 #=C5
A 0 0 9 0 3 0 PINTYPE=BI
P 34 0 -8382000 508000 -8382000 0 2 0
L 584200 -8382000 228600 0 2 0 1 0 VCCQ_1
A 355600 -8331200 203200 0 9 3 #=C6
A 0 0 9 0 3 0 PINTYPE=BI
P 35 0 -8636000 508000 -8636000 0 2 0
L 584200 -8636000 228600 0 2 0 1 0 NC_22
A 355600 -8585200 203200 0 9 3 #=C7
A 0 0 9 0 3 0 PINTYPE=BI
P 36 0 -8890000 508000 -8890000 0 2 0
L 584200 -8890000 228600 0 2 0 1 0 NC_23
A 355600 -8839200 203200 0 9 3 #=C8
A 0 0 9 0 3 0 PINTYPE=BI
P 37 0 -9144000 508000 -9144000 0 2 0
L 584200 -9144000 228600 0 2 0 1 0 NC_24
A 355600 -9093200 203200 0 9 3 #=C9
A 0 0 9 0 3 0 PINTYPE=BI
P 38 0 -9398000 508000 -9398000 0 2 0
L 584200 -9398000 228600 0 2 0 1 0 NC_25
A 355600 -9347200 203200 0 9 3 #=C10
A 0 0 9 0 3 0 PINTYPE=BI
P 39 0 -9652000 508000 -9652000 0 2 0
L 584200 -9652000 228600 0 2 0 1 0 NC_26
A 355600 -9601200 203200 0 9 3 #=C11
A 0 0 9 0 3 0 PINTYPE=BI
P 40 0 -9906000 508000 -9906000 0 2 0
L 584200 -9906000 228600 0 2 0 1 0 NC_27
A 355600 -9855200 203200 0 9 3 #=C12
A 0 0 9 0 3 0 PINTYPE=BI
P 41 0 -10160000 508000 -10160000 0 2 0
L 584200 -10160000 228600 0 2 0 1 0 NC_28
A 355600 -10109200 203200 0 9 3 #=C13
A 0 0 9 0 3 0 PINTYPE=BI
P 42 0 -10414000 508000 -10414000 0 2 0
L 584200 -10414000 228600 0 2 0 1 0 NC_29
A 355600 -10363200 203200 0 9 3 #=C14
A 0 0 9 0 3 0 PINTYPE=BI
P 43 0 -10668000 508000 -10668000 0 2 0
L 584200 -10668000 228600 0 2 0 1 0 NC_30
A 355600 -10617200 203200 0 9 3 #=D1
A 0 0 9 0 3 0 PINTYPE=BI
P 44 0 -10922000 508000 -10922000 0 2 0
L 584200 -10922000 228600 0 2 0 1 0 NC_31
A 355600 -10871200 203200 0 9 3 #=D2
A 0 0 9 0 3 0 PINTYPE=BI
P 45 0 -11176000 508000 -11176000 0 2 0
L 584200 -11176000 228600 0 2 0 1 0 NC_32
A 355600 -11125200 203200 0 9 3 #=D3
A 0 0 9 0 3 0 PINTYPE=BI
P 46 0 -11430000 508000 -11430000 0 2 0
L 584200 -11430000 228600 0 2 0 1 0 NC_33
A 355600 -11379200 203200 0 9 3 #=D4
A 0 0 9 0 3 0 PINTYPE=BI
P 47 0 -11684000 508000 -11684000 0 2 0
L 584200 -11684000 228600 0 2 0 1 0 NC_34
A 355600 -11633200 203200 0 9 3 #=D12
A 0 0 9 0 3 0 PINTYPE=BI
P 48 0 -11938000 508000 -11938000 0 2 0
L 584200 -11938000 228600 0 2 0 1 0 NC_35
A 355600 -11887200 203200 0 9 3 #=D13
A 0 0 9 0 3 0 PINTYPE=BI
P 49 0 -12192000 508000 -12192000 0 2 0
L 584200 -12192000 228600 0 2 0 1 0 NC_36
A 355600 -12141200 203200 0 9 3 #=D14
A 0 0 9 0 3 0 PINTYPE=BI
P 50 0 -12446000 508000 -12446000 0 2 0
L 584200 -12446000 228600 0 2 0 1 0 NC_37
A 355600 -12395200 203200 0 9 3 #=E1
A 0 0 9 0 3 0 PINTYPE=BI
P 51 0 -12700000 508000 -12700000 0 2 0
L 584200 -12700000 228600 0 2 0 1 0 NC_38
A 355600 -12649200 203200 0 9 3 #=E2
A 0 0 9 0 3 0 PINTYPE=BI
P 52 0 -12954000 508000 -12954000 0 2 0
L 584200 -12954000 228600 0 2 0 1 0 NC_39
A 355600 -12903200 203200 0 9 3 #=E3
A 0 0 9 0 3 0 PINTYPE=BI
P 53 0 -13208000 508000 -13208000 0 2 0
L 584200 -13208000 228600 0 2 0 1 0 RFU_2
A 355600 -13157200 203200 0 9 3 #=E5
A 0 0 9 0 3 0 PINTYPE=BI
P 54 0 -13462000 508000 -13462000 0 2 0
L 584200 -13462000 228600 0 2 0 1 0 VCC_1
A 355600 -13411200 203200 0 9 3 #=E6
A 0 0 9 0 3 0 PINTYPE=BI
P 55 0 -13716000 508000 -13716000 0 2 0
L 584200 -13716000 228600 0 2 0 1 0 VSS_2
A 355600 -13665200 203200 0 9 3 #=E7
A 0 0 9 0 3 0 PINTYPE=BI
P 56 0 -13970000 508000 -13970000 0 2 0
L 584200 -13970000 228600 0 2 0 1 0 VSF1
A 355600 -13919200 203200 0 9 3 #=E8
A 0 0 9 0 3 0 PINTYPE=BI
P 57 0 -14224000 508000 -14224000 0 2 0
L 584200 -14224000 228600 0 2 0 1 0 VSF2
A 355600 -14173200 203200 0 9 3 #=E9
A 0 0 9 0 3 0 PINTYPE=BI
P 58 0 -14478000 508000 -14478000 0 2 0
L 584200 -14478000 228600 0 2 0 1 0 VSF3
A 355600 -14427200 203200 0 9 3 #=E10
A 0 0 9 0 3 0 PINTYPE=BI
P 59 0 -14732000 508000 -14732000 0 2 0
L 584200 -14732000 228600 0 2 0 1 0 NC_40
A 355600 -14681200 203200 0 9 3 #=E12
A 0 0 9 0 3 0 PINTYPE=BI
P 60 0 -14986000 508000 -14986000 0 2 0
L 584200 -14986000 228600 0 2 0 1 0 NC_41
A 355600 -14935200 203200 0 9 3 #=E13
A 0 0 9 0 3 0 PINTYPE=BI
P 61 0 -15240000 508000 -15240000 0 2 0
L 584200 -15240000 228600 0 2 0 1 0 NC_42
A 355600 -15189200 203200 0 9 3 #=E14
A 0 0 9 0 3 0 PINTYPE=BI
P 62 0 -15494000 508000 -15494000 0 2 0
L 584200 -15494000 228600 0 2 0 1 0 NC_43
A 355600 -15443200 203200 0 9 3 #=F1
A 0 0 9 0 3 0 PINTYPE=BI
P 63 0 -15748000 508000 -15748000 0 2 0
L 584200 -15748000 228600 0 2 0 1 0 NC_44
A 355600 -15697200 203200 0 9 3 #=F2
A 0 0 9 0 3 0 PINTYPE=BI
P 64 0 -16002000 508000 -16002000 0 2 0
L 584200 -16002000 228600 0 2 0 1 0 NC_45
A 355600 -15951200 203200 0 9 3 #=F3
A 0 0 9 0 3 0 PINTYPE=BI
P 65 0 -16256000 508000 -16256000 0 2 0
L 584200 -16256000 228600 0 2 0 1 0 VCC_2
A 355600 -16205200 203200 0 9 3 #=F5
A 0 0 9 0 3 0 PINTYPE=BI
P 66 0 -16510000 508000 -16510000 0 2 0
L 584200 -16510000 228600 0 2 0 1 0 VSF4
A 355600 -16459200 203200 0 9 3 #=F10
A 0 0 9 0 3 0 PINTYPE=BI
P 67 0 -16764000 508000 -16764000 0 2 0
L 584200 -16764000 228600 0 2 0 1 0 NC_46
A 355600 -16713200 203200 0 9 3 #=F12
A 0 0 9 0 3 0 PINTYPE=BI
P 68 0 -17018000 508000 -17018000 0 2 0
L 584200 -17018000 228600 0 2 0 1 0 NC_47
A 355600 -16967200 203200 0 9 3 #=F13
A 0 0 9 0 3 0 PINTYPE=BI
P 69 0 -17272000 508000 -17272000 0 2 0
L 584200 -17272000 228600 0 2 0 1 0 NC_48
A 355600 -17221200 203200 0 9 3 #=F14
A 0 0 9 0 3 0 PINTYPE=BI
P 70 0 -17526000 508000 -17526000 0 2 0
L 584200 -17526000 228600 0 2 0 1 0 NC_49
A 355600 -17475200 203200 0 9 3 #=G1
A 0 0 9 0 3 0 PINTYPE=BI
P 71 0 -17780000 508000 -17780000 0 2 0
L 584200 -17780000 228600 0 2 0 1 0 NC_50
A 355600 -17729200 203200 0 9 3 #=G2
A 0 0 9 0 3 0 PINTYPE=BI
P 72 0 -18034000 508000 -18034000 0 2 0
L 584200 -18034000 228600 0 2 0 1 0 NC_51
A 355600 -17983200 203200 0 9 3 #=G3
A 0 0 9 0 3 0 PINTYPE=BI
P 73 0 -18288000 508000 -18288000 0 2 0
L 584200 -18288000 228600 0 2 0 1 0 VSS_3
A 355600 -18237200 203200 0 9 3 #=G5
A 0 0 9 0 3 0 PINTYPE=BI
P 74 0 -18542000 508000 -18542000 0 2 0
L 584200 -18542000 228600 0 2 0 1 0 VSF5
A 355600 -18491200 203200 0 9 3 #=G10
A 0 0 9 0 3 0 PINTYPE=BI
P 75 0 -18796000 508000 -18796000 0 2 0
L 584200 -18796000 228600 0 2 0 1 0 NC_52
A 355600 -18745200 203200 0 9 3 #=G12
A 0 0 9 0 3 0 PINTYPE=BI
P 76 0 -19050000 508000 -19050000 0 2 0
L 584200 -19050000 228600 0 2 0 1 0 NC_53
A 355600 -18999200 203200 0 9 3 #=G13
A 0 0 9 0 3 0 PINTYPE=BI
P 77 0 -19304000 508000 -19304000 0 2 0
L 584200 -19304000 228600 0 2 0 1 0 NC_54
A 355600 -19253200 203200 0 9 3 #=G14
A 0 0 9 0 3 0 PINTYPE=BI
P 78 3302000 0 2794000 0 0 3 0
L 2717800 0 228600 0 8 0 1 0 NC_55
A 2946400 50800 203200 0 3 3 #=H1
A 0 0 9 0 3 0 PINTYPE=BI
P 79 3302000 -254000 2794000 -254000 0 3 0
L 2717800 -254000 228600 0 8 0 1 0 NC_56
A 2946400 -203200 203200 0 3 3 #=H2
A 0 0 9 0 3 0 PINTYPE=BI
P 80 3302000 -508000 2794000 -508000 0 3 0
L 2717800 -508000 228600 0 8 0 1 0 NC_57
A 2946400 -457200 203200 0 3 3 #=H3
A 0 0 9 0 3 0 PINTYPE=BI
P 81 3302000 -762000 2794000 -762000 0 3 0
L 2717800 -762000 228600 0 8 0 1 0 DS
A 2946400 -711200 203200 0 3 3 #=H5
A 0 0 9 0 3 0 PINTYPE=BI
P 82 3302000 -1016000 2794000 -1016000 0 3 0
L 2717800 -1016000 228600 0 8 0 1 0 VSS_4
A 2946400 -965200 203200 0 3 3 #=H10
A 0 0 9 0 3 0 PINTYPE=BI
P 83 3302000 -1270000 2794000 -1270000 0 3 0
L 2717800 -1270000 228600 0 8 0 1 0 NC_58
A 2946400 -1219200 203200 0 3 3 #=H12
A 0 0 9 0 3 0 PINTYPE=BI
P 84 3302000 -1524000 2794000 -1524000 0 3 0
L 2717800 -1524000 228600 0 8 0 1 0 NC_59
A 2946400 -1473200 203200 0 3 3 #=H13
A 0 0 9 0 3 0 PINTYPE=BI
P 85 3302000 -1778000 2794000 -1778000 0 3 0
L 2717800 -1778000 228600 0 8 0 1 0 NC_60
A 2946400 -1727200 203200 0 3 3 #=H14
A 0 0 9 0 3 0 PINTYPE=BI
P 86 3302000 -2032000 2794000 -2032000 0 3 0
L 2717800 -2032000 228600 0 8 0 1 0 NC_61
A 2946400 -1981200 203200 0 3 3 #=J1
A 0 0 9 0 3 0 PINTYPE=BI
P 87 3302000 -2286000 2794000 -2286000 0 3 0
L 2717800 -2286000 228600 0 8 0 1 0 NC_62
A 2946400 -2235200 203200 0 3 3 #=J2
A 0 0 9 0 3 0 PINTYPE=BI
P 88 3302000 -2540000 2794000 -2540000 0 3 0
L 2717800 -2540000 228600 0 8 0 1 0 NC_63
A 2946400 -2489200 203200 0 3 3 #=J3
A 0 0 9 0 3 0 PINTYPE=BI
P 89 3302000 -2794000 2794000 -2794000 0 3 0
L 2717800 -2794000 228600 0 8 0 1 0 VSS_5
A 2946400 -2743200 203200 0 3 3 #=J5
A 0 0 9 0 3 0 PINTYPE=BI
P 90 3302000 -3048000 2794000 -3048000 0 3 0
L 2717800 -3048000 228600 0 8 0 1 0 VCC_3
A 2946400 -2997200 203200 0 3 3 #=J10
A 0 0 9 0 3 0 PINTYPE=BI
P 91 3302000 -3302000 2794000 -3302000 0 3 0
L 2717800 -3302000 228600 0 8 0 1 0 NC_64
A 2946400 -3251200 203200 0 3 3 #=J12
A 0 0 9 0 3 0 PINTYPE=BI
P 92 3302000 -3556000 2794000 -3556000 0 3 0
L 2717800 -3556000 228600 0 8 0 1 0 NC_65
A 2946400 -3505200 203200 0 3 3 #=J13
A 0 0 9 0 3 0 PINTYPE=BI
P 93 3302000 -3810000 2794000 -3810000 0 3 0
L 2717800 -3810000 228600 0 8 0 1 0 NC_66
A 2946400 -3759200 203200 0 3 3 #=J14
A 0 0 9 0 3 0 PINTYPE=BI
P 94 3302000 -4064000 2794000 -4064000 0 3 0
L 2717800 -4064000 228600 0 8 0 1 0 NC_67
A 2946400 -4013200 203200 0 3 3 #=K1
A 0 0 9 0 3 0 PINTYPE=BI
P 95 3302000 -4318000 2794000 -4318000 0 3 0
L 2717800 -4318000 228600 0 8 0 1 0 NC_68
A 2946400 -4267200 203200 0 3 3 #=K2
A 0 0 9 0 3 0 PINTYPE=BI
P 96 3302000 -4572000 2794000 -4572000 0 3 0
L 2717800 -4572000 228600 0 8 0 1 0 NC_69
A 2946400 -4521200 203200 0 3 3 #=K3
A 0 0 9 0 3 0 PINTYPE=BI
P 97 3302000 -4826000 2794000 -4826000 0 3 0
L 2717800 -4826000 228600 0 8 0 1 0 RST_N
A 2946400 -4775200 203200 0 3 3 #=K5
A 0 0 9 0 3 0 PINTYPE=BI
P 98 3302000 -5080000 2794000 -5080000 0 3 0
L 2717800 -5080000 228600 0 8 0 1 0 RFU_3
A 2946400 -5029200 203200 0 3 3 #=K6
A 0 0 9 0 3 0 PINTYPE=BI
P 99 3302000 -5334000 2794000 -5334000 0 3 0
L 2717800 -5334000 228600 0 8 0 1 0 RFU_4
A 2946400 -5283200 203200 0 3 3 #=K7
A 0 0 9 0 3 0 PINTYPE=BI
P 100 3302000 -5588000 2794000 -5588000 0 3 0
L 2717800 -5588000 228600 0 8 0 1 0 VSS_6
A 2946400 -5537200 203200 0 3 3 #=K8
A 0 0 9 0 3 0 PINTYPE=BI
P 101 3302000 -5842000 2794000 -5842000 0 3 0
L 2717800 -5842000 228600 0 8 0 1 0 VCC_4
A 2946400 -5791200 203200 0 3 3 #=K9
A 0 0 9 0 3 0 PINTYPE=BI
P 102 3302000 -6096000 2794000 -6096000 0 3 0
L 2717800 -6096000 228600 0 8 0 1 0 VSF6
A 2946400 -6045200 203200 0 3 3 #=K10
A 0 0 9 0 3 0 PINTYPE=BI
P 103 3302000 -6350000 2794000 -6350000 0 3 0
L 2717800 -6350000 228600 0 8 0 1 0 NC_70
A 2946400 -6299200 203200 0 3 3 #=K12
A 0 0 9 0 3 0 PINTYPE=BI
P 104 3302000 -6604000 2794000 -6604000 0 3 0
L 2717800 -6604000 228600 0 8 0 1 0 NC_71
A 2946400 -6553200 203200 0 3 3 #=K13
A 0 0 9 0 3 0 PINTYPE=BI
P 105 3302000 -6858000 2794000 -6858000 0 3 0
L 2717800 -6858000 228600 0 8 0 1 0 NC_72
A 2946400 -6807200 203200 0 3 3 #=K14
A 0 0 9 0 3 0 PINTYPE=BI
P 106 3302000 -7112000 2794000 -7112000 0 3 0
L 2717800 -7112000 228600 0 8 0 1 0 NC_73
A 2946400 -7061200 203200 0 3 3 #=L1
A 0 0 9 0 3 0 PINTYPE=BI
P 107 3302000 -7366000 2794000 -7366000 0 3 0
L 2717800 -7366000 228600 0 8 0 1 0 NC_74
A 2946400 -7315200 203200 0 3 3 #=L2
A 0 0 9 0 3 0 PINTYPE=BI
P 108 3302000 -7620000 2794000 -7620000 0 3 0
L 2717800 -7620000 228600 0 8 0 1 0 NC_75
A 2946400 -7569200 203200 0 3 3 #=L3
A 0 0 9 0 3 0 PINTYPE=BI
P 109 3302000 -7874000 2794000 -7874000 0 3 0
L 2717800 -7874000 228600 0 8 0 1 0 NC_76
A 2946400 -7823200 203200 0 3 3 #=L12
A 0 0 9 0 3 0 PINTYPE=BI
P 110 3302000 -8128000 2794000 -8128000 0 3 0
L 2717800 -8128000 228600 0 8 0 1 0 NC_77
A 2946400 -8077200 203200 0 3 3 #=L13
A 0 0 9 0 3 0 PINTYPE=BI
P 111 3302000 -8382000 2794000 -8382000 0 3 0
L 2717800 -8382000 228600 0 8 0 1 0 NC_78
A 2946400 -8331200 203200 0 3 3 #=L14
A 0 0 9 0 3 0 PINTYPE=BI
P 112 3302000 -8636000 2794000 -8636000 0 3 0
L 2717800 -8636000 228600 0 8 0 1 0 NC_79
A 2946400 -8585200 203200 0 3 3 #=M1
A 0 0 9 0 3 0 PINTYPE=BI
P 113 3302000 -8890000 2794000 -8890000 0 3 0
L 2717800 -8890000 228600 0 8 0 1 0 NC_80
A 2946400 -8839200 203200 0 3 3 #=M2
A 0 0 9 0 3 0 PINTYPE=BI
P 114 3302000 -9144000 2794000 -9144000 0 3 0
L 2717800 -9144000 228600 0 8 0 1 0 NC_81
A 2946400 -9093200 203200 0 3 3 #=M3
A 0 0 9 0 3 0 PINTYPE=BI
P 115 3302000 -9398000 2794000 -9398000 0 3 0
L 2717800 -9398000 228600 0 8 0 1 0 VCCQ_2
A 2946400 -9347200 203200 0 3 3 #=M4
A 0 0 9 0 3 0 PINTYPE=BI
P 116 3302000 -9652000 2794000 -9652000 0 3 0
L 2717800 -9652000 228600 0 8 0 1 0 CMD
A 2946400 -9601200 203200 0 3 3 #=M5
A 0 0 9 0 3 0 PINTYPE=BI
P 117 3302000 -9906000 2794000 -9906000 0 3 0
L 2717800 -9906000 228600 0 8 0 1 0 CLK
A 2946400 -9855200 203200 0 3 3 #=M6
A 0 0 9 0 3 0 PINTYPE=BI
P 118 3302000 -10160000 2794000 -10160000 0 3 0
L 2717800 -10160000 228600 0 8 0 1 0 NC_82
A 2946400 -10109200 203200 0 3 3 #=M7
A 0 0 9 0 3 0 PINTYPE=BI
P 119 3302000 -10414000 2794000 -10414000 0 3 0
L 2717800 -10414000 228600 0 8 0 1 0 NC_83
A 2946400 -10363200 203200 0 3 3 #=M8
A 0 0 9 0 3 0 PINTYPE=BI
P 120 3302000 -10668000 2794000 -10668000 0 3 0
L 2717800 -10668000 228600 0 8 0 1 0 NC_84
A 2946400 -10617200 203200 0 3 3 #=M9
A 0 0 9 0 3 0 PINTYPE=BI
P 121 3302000 -10922000 2794000 -10922000 0 3 0
L 2717800 -10922000 228600 0 8 0 1 0 NC_85
A 2946400 -10871200 203200 0 3 3 #=M10
A 0 0 9 0 3 0 PINTYPE=BI
P 122 3302000 -11176000 2794000 -11176000 0 3 0
L 2717800 -11176000 228600 0 8 0 1 0 NC_86
A 2946400 -11125200 203200 0 3 3 #=M11
A 0 0 9 0 3 0 PINTYPE=BI
P 123 3302000 -11430000 2794000 -11430000 0 3 0
L 2717800 -11430000 228600 0 8 0 1 0 NC_87
A 2946400 -11379200 203200 0 3 3 #=M12
A 0 0 9 0 3 0 PINTYPE=BI
P 124 3302000 -11684000 2794000 -11684000 0 3 0
L 2717800 -11684000 228600 0 8 0 1 0 NC_88
A 2946400 -11633200 203200 0 3 3 #=M13
A 0 0 9 0 3 0 PINTYPE=BI
P 125 3302000 -11938000 2794000 -11938000 0 3 0
L 2717800 -11938000 228600 0 8 0 1 0 NC_89
A 2946400 -11887200 203200 0 3 3 #=M14
A 0 0 9 0 3 0 PINTYPE=BI
P 126 3302000 -12192000 2794000 -12192000 0 3 0
L 2717800 -12192000 228600 0 8 0 1 0 NC_90
A 2946400 -12141200 203200 0 3 3 #=N1
A 0 0 9 0 3 0 PINTYPE=BI
P 127 3302000 -12446000 2794000 -12446000 0 3 0
L 2717800 -12446000 228600 0 8 0 1 0 VSSQ_2
A 2946400 -12395200 203200 0 3 3 #=N2
A 0 0 9 0 3 0 PINTYPE=BI
P 128 3302000 -12700000 2794000 -12700000 0 3 0
L 2717800 -12700000 228600 0 8 0 1 0 NC_91
A 2946400 -12649200 203200 0 3 3 #=N3
A 0 0 9 0 3 0 PINTYPE=BI
P 129 3302000 -12954000 2794000 -12954000 0 3 0
L 2717800 -12954000 228600 0 8 0 1 0 VCCQ_3
A 2946400 -12903200 203200 0 3 3 #=N4
A 0 0 9 0 3 0 PINTYPE=BI
P 130 3302000 -13208000 2794000 -13208000 0 3 0
L 2717800 -13208000 228600 0 8 0 1 0 VSSQ_3
A 2946400 -13157200 203200 0 3 3 #=N5
A 0 0 9 0 3 0 PINTYPE=BI
P 131 3302000 -13462000 2794000 -13462000 0 3 0
L 2717800 -13462000 228600 0 8 0 1 0 NC_92
A 2946400 -13411200 203200 0 3 3 #=N6
A 0 0 9 0 3 0 PINTYPE=BI
P 132 3302000 -13716000 2794000 -13716000 0 3 0
L 2717800 -13716000 228600 0 8 0 1 0 NC_93
A 2946400 -13665200 203200 0 3 3 #=N7
A 0 0 9 0 3 0 PINTYPE=BI
P 133 3302000 -13970000 2794000 -13970000 0 3 0
L 2717800 -13970000 228600 0 8 0 1 0 NC_94
A 2946400 -13919200 203200 0 3 3 #=N8
A 0 0 9 0 3 0 PINTYPE=BI
P 134 3302000 -14224000 2794000 -14224000 0 3 0
L 2717800 -14224000 228600 0 8 0 1 0 NC_95
A 2946400 -14173200 203200 0 3 3 #=N9
A 0 0 9 0 3 0 PINTYPE=BI
P 135 3302000 -14478000 2794000 -14478000 0 3 0
L 2717800 -14478000 228600 0 8 0 1 0 NC_96
A 2946400 -14427200 203200 0 3 3 #=N10
A 0 0 9 0 3 0 PINTYPE=BI
P 136 3302000 -14732000 2794000 -14732000 0 3 0
L 2717800 -14732000 228600 0 8 0 1 0 NC_97
A 2946400 -14681200 203200 0 3 3 #=N11
A 0 0 9 0 3 0 PINTYPE=BI
P 137 3302000 -14986000 2794000 -14986000 0 3 0
L 2717800 -14986000 228600 0 8 0 1 0 NC_98
A 2946400 -14935200 203200 0 3 3 #=N12
A 0 0 9 0 3 0 PINTYPE=BI
P 138 3302000 -15240000 2794000 -15240000 0 3 0
L 2717800 -15240000 228600 0 8 0 1 0 NC_99
A 2946400 -15189200 203200 0 3 3 #=N13
A 0 0 9 0 3 0 PINTYPE=BI
P 139 3302000 -15494000 2794000 -15494000 0 3 0
L 2717800 -15494000 228600 0 8 0 1 0 NC_100
A 2946400 -15443200 203200 0 3 3 #=N14
A 0 0 9 0 3 0 PINTYPE=BI
P 140 3302000 -15748000 2794000 -15748000 0 3 0
L 2717800 -15748000 228600 0 8 0 1 0 NC_101
A 2946400 -15697200 203200 0 3 3 #=P1
A 0 0 9 0 3 0 PINTYPE=BI
P 141 3302000 -16002000 2794000 -16002000 0 3 0
L 2717800 -16002000 228600 0 8 0 1 0 NC_102
A 2946400 -15951200 203200 0 3 3 #=P2
A 0 0 9 0 3 0 PINTYPE=BI
P 142 3302000 -16256000 2794000 -16256000 0 3 0
L 2717800 -16256000 228600 0 8 0 1 0 VCCQ_4
A 2946400 -16205200 203200 0 3 3 #=P3
A 0 0 9 0 3 0 PINTYPE=BI
P 143 3302000 -16510000 2794000 -16510000 0 3 0
L 2717800 -16510000 228600 0 8 0 1 0 VSSQ_4
A 2946400 -16459200 203200 0 3 3 #=P4
A 0 0 9 0 3 0 PINTYPE=BI
P 144 3302000 -16764000 2794000 -16764000 0 3 0
L 2717800 -16764000 228600 0 8 0 1 0 VCCQ_5
A 2946400 -16713200 203200 0 3 3 #=P5
A 0 0 9 0 3 0 PINTYPE=BI
P 145 3302000 -17018000 2794000 -17018000 0 3 0
L 2717800 -17018000 228600 0 8 0 1 0 VSSQ_5
A 2946400 -16967200 203200 0 3 3 #=P6
A 0 0 9 0 3 0 PINTYPE=BI
P 146 3302000 -17272000 2794000 -17272000 0 3 0
L 2717800 -17272000 228600 0 8 0 1 0 NC_103
A 2946400 -17221200 203200 0 3 3 #=P7
A 0 0 9 0 3 0 PINTYPE=BI
P 147 3302000 -17526000 2794000 -17526000 0 3 0
L 2717800 -17526000 228600 0 8 0 1 0 NC_104
A 2946400 -17475200 203200 0 3 3 #=P8
A 0 0 9 0 3 0 PINTYPE=BI
P 148 3302000 -17780000 2794000 -17780000 0 3 0
L 2717800 -17780000 228600 0 8 0 1 0 NC_105
A 2946400 -17729200 203200 0 3 3 #=P9
A 0 0 9 0 3 0 PINTYPE=BI
P 149 3302000 -18034000 2794000 -18034000 0 3 0
L 2717800 -18034000 228600 0 8 0 1 0 VSF7
A 2946400 -17983200 203200 0 3 3 #=P10
A 0 0 9 0 3 0 PINTYPE=BI
P 150 3302000 -18288000 2794000 -18288000 0 3 0
L 2717800 -18288000 228600 0 8 0 1 0 NC_106
A 2946400 -18237200 203200 0 3 3 #=P11
A 0 0 9 0 3 0 PINTYPE=BI
P 151 3302000 -18542000 2794000 -18542000 0 3 0
L 2717800 -18542000 228600 0 8 0 1 0 NC_107
A 2946400 -18491200 203200 0 3 3 #=P12
A 0 0 9 0 3 0 PINTYPE=BI
P 152 3302000 -18796000 2794000 -18796000 0 3 0
L 2717800 -18796000 228600 0 8 0 1 0 NC_108
A 2946400 -18745200 203200 0 3 3 #=P13
A 0 0 9 0 3 0 PINTYPE=BI
P 153 3302000 -19050000 2794000 -19050000 0 3 0
L 2717800 -19050000 228600 0 8 0 1 0 NC_109
A 2946400 -18999200 203200 0 3 3 #=P14
A 0 0 9 0 3 0 PINTYPE=BI
E
