V 54
K 1
D 0 -6350000 5588000 2794000
Y 1
U 5207000 2794000 254000 0 2 3 REFDES=IC?
U 5207000 2540000 254000 0 2 3 DEVICE=RTL8723DS-CG
U 5207000 2286000 254000 0 2 0 PKG_TYPE=QFN40P600X600X100-49N
U 5207000 2032000 254000 0 2 0 Description=WQFN-48-EP(6x6) RF Transceiver ICs ROHS
U 5207000 1778000 254000 0 2 0 Datasheet Link=https://mangopi.org/_media/rtl8723ds-cg_datasheet_0.92_20170804.pdf
U 5207000 1524000 254000 0 2 0 Height=1
U 5207000 1270000 254000 0 2 0 Manufacturer_Name=Realtek
U 5207000 1016000 254000 0 2 0 Manufacturer_Part_Number=RTL8723DS-CG
U 5207000 762000 254000 0 2 0 Mouser Part Number=
U 5207000 508000 254000 0 2 0 Mouser Price/Stock=
U 5207000 254000 254000 0 2 0 Arrow Part Number=
U 5207000 0 254000 0 2 0 Arrow Price/Stock=
U 0 0 254000 0 1 0 FORWARD_PCB=1
l 5 508000 2286000 5080000 2286000 5080000 -5842000 508000 -5842000 508000 2286000
|GRPHSTL -1 -1 -1 1
P 1 0 0 508000 0 0 2 0
L 584200 0 228600 0 2 0 1 0 VA33_PA_S0
A 355600 50800 203200 0 9 3 #=1
A 0 0 9 0 3 0 PINTYPE=BI
P 2 0 -254000 508000 -254000 0 2 0
L 584200 -254000 228600 0 2 0 1 0 VA33_PAD_S0
A 355600 -203200 203200 0 9 3 #=2
A 0 0 9 0 3 0 PINTYPE=BI
P 3 0 -508000 508000 -508000 0 2 0
L 584200 -508000 228600 0 2 0 1 0 VA1P25_RTX_S0
A 355600 -457200 203200 0 9 3 #=3
A 0 0 9 0 3 0 PINTYPE=BI
P 4 0 -762000 508000 -762000 0 2 0
L 584200 -762000 228600 0 2 0 1 0 WL_DIS#/GPIO9
A 355600 -711200 203200 0 9 3 #=4
A 0 0 9 0 3 0 PINTYPE=BI
P 5 0 -1016000 508000 -1016000 0 2 0
L 584200 -1016000 228600 0 2 0 1 0 VA1P25_BT_SYN
A 355600 -965200 203200 0 9 3 #=5
A 0 0 9 0 3 0 PINTYPE=BI
P 6 0 -1270000 508000 -1270000 0 2 0
L 584200 -1270000 228600 0 2 0 1 0 VA33_BT_SYN
A 355600 -1219200 203200 0 9 3 #=6
A 0 0 9 0 3 0 PINTYPE=BI
P 7 0 -1524000 508000 -1524000 0 2 0
L 584200 -1524000 228600 0 2 0 1 0 VA33_WL_SYN
A 355600 -1473200 203200 0 9 3 #=7
A 0 0 9 0 3 0 PINTYPE=BI
P 8 0 -1778000 508000 -1778000 0 2 0
L 584200 -1778000 228600 0 2 0 1 0 VA1P25_WL_SYN
A 355600 -1727200 203200 0 9 3 #=8
A 0 0 9 0 3 0 PINTYPE=BI
P 9 0 -2032000 508000 -2032000 0 2 0
L 584200 -2032000 228600 0 2 0 1 0 VA1P25_RTX_S1
A 355600 -1981200 203200 0 9 3 #=9
A 0 0 9 0 3 0 PINTYPE=BI
P 10 0 -2286000 508000 -2286000 0 2 0
L 584200 -2286000 228600 0 2 0 1 0 VA33_PAD_S1
A 355600 -2235200 203200 0 9 3 #=10
A 0 0 9 0 3 0 PINTYPE=BI
P 11 0 -2540000 508000 -2540000 0 2 0
L 584200 -2540000 228600 0 2 0 1 0 RFIO_BTG_S1
A 355600 -2489200 203200 0 9 3 #=11
A 0 0 9 0 3 0 PINTYPE=BI
P 12 0 -2794000 508000 -2794000 0 2 0
L 584200 -2794000 228600 0 2 0 1 0 VA33_PA_S1
A 355600 -2743200 203200 0 9 3 #=12
A 0 0 9 0 3 0 PINTYPE=BI
P 13 1270000 -6350000 1270000 -5842000 0 1 0
L 1270000 -5765800 228600 1 2 0 1 0 VA1P25_AFE
A 1219200 -5994400 203200 1 9 3 #=13
A 0 0 9 0 3 0 PINTYPE=BI
P 14 1524000 -6350000 1524000 -5842000 0 1 0
L 1524000 -5765800 228600 1 2 0 1 0 VA33_AFE
A 1473200 -5994400 203200 1 9 3 #=14
A 0 0 9 0 3 0 PINTYPE=BI
P 15 1778000 -6350000 1778000 -5842000 0 1 0
L 1778000 -5765800 228600 1 2 0 1 0 XI
A 1727200 -5994400 203200 1 9 3 #=15
A 0 0 9 0 3 0 PINTYPE=BI
P 16 2032000 -6350000 2032000 -5842000 0 1 0
L 2032000 -5765800 228600 1 2 0 1 0 XO
A 1981200 -5994400 203200 1 9 3 #=16
A 0 0 9 0 3 0 PINTYPE=BI
P 17 2286000 -6350000 2286000 -5842000 0 1 0
L 2286000 -5765800 228600 1 2 0 1 0 EEPROM_SEL/GPIO12
A 2235200 -5994400 203200 1 9 3 #=17
A 0 0 9 0 3 0 PINTYPE=BI
P 18 2540000 -6350000 2540000 -5842000 0 1 0
L 2540000 -5765800 228600 1 2 0 1 0 GPIO13
A 2489200 -5994400 203200 1 9 3 #=18
A 0 0 9 0 3 0 PINTYPE=BI
P 19 2794000 -6350000 2794000 -5842000 0 1 0
L 2794000 -5765800 228600 1 2 0 1 0 TEST_MOD_SEL/GPIO14
A 2743200 -5994400 203200 1 9 3 #=19
A 0 0 9 0 3 0 PINTYPE=BI
P 20 3048000 -6350000 3048000 -5842000 0 1 0
L 3048000 -5765800 228600 1 2 0 1 0 GPIO6
A 2997200 -5994400 203200 1 9 3 #=20
A 0 0 9 0 3 0 PINTYPE=BI
P 21 3302000 -6350000 3302000 -5842000 0 1 0
L 3302000 -5765800 228600 1 2 0 1 0 GPIO0
A 3251200 -5994400 203200 1 9 3 #=21
A 0 0 9 0 3 0 PINTYPE=BI
P 22 3556000 -6350000 3556000 -5842000 0 1 0
L 3556000 -5765800 228600 1 2 0 1 0 SPS_LDO_SEL/GPIO1
A 3505200 -5994400 203200 1 9 3 #=22
A 0 0 9 0 3 0 PINTYPE=BI
P 23 3810000 -6350000 3810000 -5842000 0 1 0
L 3810000 -5765800 228600 1 2 0 1 0 GPIO2
A 3759200 -5994400 203200 1 9 3 #=23
A 0 0 9 0 3 0 PINTYPE=BI
P 24 4064000 -6350000 4064000 -5842000 0 1 0
L 4064000 -5765800 228600 1 2 0 1 0 GPIO3
A 4013200 -5994400 203200 1 9 3 #=24
A 0 0 9 0 3 0 PINTYPE=BI
P 25 5588000 0 5080000 0 0 3 0
L 5003800 0 228600 0 8 0 1 0 SW_LX
A 5232400 50800 203200 0 3 3 #=36
A 0 0 9 0 3 0 PINTYPE=BI
P 26 5588000 -254000 5080000 -254000 0 3 0
L 5003800 -254000 228600 0 8 0 1 0 SW_GND
A 5232400 -203200 203200 0 3 3 #=35
A 0 0 9 0 3 0 PINTYPE=BI
P 27 5588000 -508000 5080000 -508000 0 3 0
L 5003800 -508000 228600 0 8 0 1 0 SD_D2
A 5232400 -457200 203200 0 3 3 #=34
A 0 0 9 0 3 0 PINTYPE=BI
P 28 5588000 -762000 5080000 -762000 0 3 0
L 5003800 -762000 228600 0 8 0 1 0 SD_D3/GSPI_CS#
A 5232400 -711200 203200 0 3 3 #=33
A 0 0 9 0 3 0 PINTYPE=BI
P 29 5588000 -1016000 5080000 -1016000 0 3 0
L 5003800 -1016000 228600 0 8 0 1 0 SD_CMD/GSPI_DI
A 5232400 -965200 203200 0 3 3 #=32
A 0 0 9 0 3 0 PINTYPE=BI
P 30 5588000 -1270000 5080000 -1270000 0 3 0
L 5003800 -1270000 228600 0 8 0 1 0 SD_CLK/GSPI_CLK
A 5232400 -1219200 203200 0 3 3 #=31
A 0 0 9 0 3 0 PINTYPE=BI
P 31 5588000 -1524000 5080000 -1524000 0 3 0
L 5003800 -1524000 228600 0 8 0 1 0 SD_D0/GSPI_DO
A 5232400 -1473200 203200 0 3 3 #=30
A 0 0 9 0 3 0 PINTYPE=BI
P 32 5588000 -1778000 5080000 -1778000 0 3 0
L 5003800 -1778000 228600 0 8 0 1 0 SD_D1/GSPI_INT
A 5232400 -1727200 203200 0 3 3 #=29
A 0 0 9 0 3 0 PINTYPE=BI
P 33 5588000 -2032000 5080000 -2032000 0 3 0
L 5003800 -2032000 228600 0 8 0 1 0 VDD_IO
A 5232400 -1981200 203200 0 3 3 #=28
A 0 0 9 0 3 0 PINTYPE=BI
P 34 5588000 -2286000 5080000 -2286000 0 3 0
L 5003800 -2286000 228600 0 8 0 1 0 UART_OUT
A 5232400 -2235200 203200 0 3 3 #=27
A 0 0 9 0 3 0 PINTYPE=BI
P 35 5588000 -2540000 5080000 -2540000 0 3 0
L 5003800 -2540000 228600 0 8 0 1 0 UART_CTS
A 5232400 -2489200 203200 0 3 3 #=26
A 0 0 9 0 3 0 PINTYPE=BI
P 36 5588000 -2794000 5080000 -2794000 0 3 0
L 5003800 -2794000 228600 0 8 0 1 0 UART_IN
A 5232400 -2743200 203200 0 3 3 #=25
A 0 0 9 0 3 0 PINTYPE=BI
P 37 1270000 2794000 1270000 2286000 0 0 0
L 1270000 2209800 228600 1 8 0 1 0 GND_2
A 1219200 2438400 203200 1 3 3 #=49
A 0 0 9 0 3 0 PINTYPE=BI
P 38 1524000 2794000 1524000 2286000 0 0 0
L 1524000 2209800 228600 1 8 0 1 0 RFIO_BTG_S0
A 1473200 2438400 203200 1 3 3 #=48
A 0 0 9 0 3 0 PINTYPE=BI
P 39 1778000 2794000 1778000 2286000 0 0 0
L 1778000 2209800 228600 1 8 0 1 0 GPIO15
A 1727200 2438400 203200 1 3 3 #=47
A 0 0 9 0 3 0 PINTYPE=BI
P 40 2032000 2794000 2032000 2286000 0 0 0
L 2032000 2209800 228600 1 8 0 1 0 GPIO4
A 1981200 2438400 203200 1 3 3 #=46
A 0 0 9 0 3 0 PINTYPE=BI
P 41 2286000 2794000 2286000 2286000 0 0 0
L 2286000 2209800 228600 1 8 0 1 0 GPIO5
A 2235200 2438400 203200 1 3 3 #=45
A 0 0 9 0 3 0 PINTYPE=BI
P 42 2540000 2794000 2540000 2286000 0 0 0
L 2540000 2209800 228600 1 8 0 1 0 GPIO8/WL_LED
A 2489200 2438400 203200 1 3 3 #=44
A 0 0 9 0 3 0 PINTYPE=BI
P 43 2794000 2794000 2794000 2286000 0 0 0
L 2794000 2209800 228600 1 8 0 1 0 BT_DIS#/GPIO11
A 2743200 2438400 203200 1 3 3 #=43
A 0 0 9 0 3 0 PINTYPE=BI
P 44 3048000 2794000 3048000 2286000 0 0 0
L 3048000 2209800 228600 1 8 0 1 0 GPIO7/BT_LED
A 2997200 2438400 203200 1 3 3 #=42
A 0 0 9 0 3 0 PINTYPE=BI
P 45 3302000 2794000 3302000 2286000 0 0 0
L 3302000 2209800 228600 1 8 0 1 0 VD33D_3
A 3251200 2438400 203200 1 3 3 #=41
A 0 0 9 0 3 0 PINTYPE=BI
P 46 3556000 2794000 3556000 2286000 0 0 0
L 3556000 2209800 228600 1 8 0 1 0 VD1P25
A 3505200 2438400 203200 1 3 3 #=40
A 0 0 9 0 3 0 PINTYPE=BI
P 47 3810000 2794000 3810000 2286000 0 0 0
L 3810000 2209800 228600 1 8 0 1 0 GND_1
A 3759200 2438400 203200 1 3 3 #=39
A 0 0 9 0 3 0 PINTYPE=BI
P 48 4064000 2794000 4064000 2286000 0 0 0
L 4064000 2209800 228600 1 8 0 1 0 VD33D_2
A 4013200 2438400 203200 1 3 3 #=38
A 0 0 9 0 3 0 PINTYPE=BI
P 49 4318000 2794000 4318000 2286000 0 0 0
L 4318000 2209800 228600 1 8 0 1 0 VD33D_1
A 4267200 2438400 203200 1 3 3 #=37
A 0 0 9 0 3 0 PINTYPE=BI
E
