V 54
K 1
D 0 -4318000 4572000 3048000
Y 1
U 4191000 3048000 254000 0 2 3 REFDES=IC?
U 4191000 2794000 254000 0 2 3 DEVICE=RTL8211F-CG
U 4191000 2540000 254000 0 2 0 PKG_TYPE=QFN40P500X500X90-41N-D
U 4191000 2286000 254000 0 2 0 Description=NTEGRATED 10/100/1000M ETHERNET TRANSCEIVER
U 4191000 2032000 254000 0 2 0 Datasheet Link=
U 4191000 1778000 254000 0 2 0 Height=0.9
U 4191000 1524000 254000 0 2 0 Manufacturer_Name=Realtek
U 4191000 1270000 254000 0 2 0 Manufacturer_Part_Number=RTL8211F-CG
U 4191000 1016000 254000 0 2 0 Mouser Part Number=
U 4191000 762000 254000 0 2 0 Mouser Price/Stock=
U 4191000 508000 254000 0 2 0 Arrow Part Number=
U 4191000 254000 254000 0 2 0 Arrow Price/Stock=
U 0 0 254000 0 1 0 FORWARD_PCB=1
l 5 508000 2540000 4064000 2540000 4064000 -3810000 508000 -3810000 508000 2540000
|GRPHSTL -1 -1 -1 1
P 1 0 0 508000 0 0 2 0
L 584200 0 228600 0 2 0 1 0 MDIP0
A 355600 50800 203200 0 9 3 #=1
A 0 0 9 0 3 0 PINTYPE=BI
P 2 0 -254000 508000 -254000 0 2 0
L 584200 -254000 228600 0 2 0 1 0 MDIN0
A 355600 -203200 203200 0 9 3 #=2
A 0 0 9 0 3 0 PINTYPE=BI
P 3 0 -508000 508000 -508000 0 2 0
L 584200 -508000 228600 0 2 0 1 0 AVDD10_1
A 355600 -457200 203200 0 9 3 #=3
A 0 0 9 0 3 0 PINTYPE=BI
P 4 0 -762000 508000 -762000 0 2 0
L 584200 -762000 228600 0 2 0 1 0 MDIP1
A 355600 -711200 203200 0 9 3 #=4
A 0 0 9 0 3 0 PINTYPE=BI
P 5 0 -1016000 508000 -1016000 0 2 0
L 584200 -1016000 228600 0 2 0 1 0 MDIN1
A 355600 -965200 203200 0 9 3 #=5
A 0 0 9 0 3 0 PINTYPE=BI
P 6 0 -1270000 508000 -1270000 0 2 0
L 584200 -1270000 228600 0 2 0 1 0 MDIP2
A 355600 -1219200 203200 0 9 3 #=6
A 0 0 9 0 3 0 PINTYPE=BI
P 7 0 -1524000 508000 -1524000 0 2 0
L 584200 -1524000 228600 0 2 0 1 0 MDIN2
A 355600 -1473200 203200 0 9 3 #=7
A 0 0 9 0 3 0 PINTYPE=BI
P 8 0 -1778000 508000 -1778000 0 2 0
L 584200 -1778000 228600 0 2 0 1 0 AVDD10_2
A 355600 -1727200 203200 0 9 3 #=8
A 0 0 9 0 3 0 PINTYPE=BI
P 9 0 -2032000 508000 -2032000 0 2 0
L 584200 -2032000 228600 0 2 0 1 0 MDIP3
A 355600 -1981200 203200 0 9 3 #=9
A 0 0 9 0 3 0 PINTYPE=BI
P 10 0 -2286000 508000 -2286000 0 2 0
L 584200 -2286000 228600 0 2 0 1 0 MDIN3
A 355600 -2235200 203200 0 9 3 #=10
A 0 0 9 0 3 0 PINTYPE=BI
P 11 1016000 -4318000 1016000 -3810000 0 1 0
L 1016000 -3733800 228600 1 2 0 1 0 AVDD33_1
A 965200 -3962400 203200 1 9 3 #=11
A 0 0 9 0 3 0 PINTYPE=BI
P 12 1270000 -4318000 1270000 -3810000 0 1 0
L 1270000 -3733800 228600 1 2 0 1 0 PHYRSTB
A 1219200 -3962400 203200 1 9 3 #=12
A 0 0 9 0 3 0 PINTYPE=BI
P 13 1524000 -4318000 1524000 -3810000 0 1 0
L 1524000 -3733800 228600 1 2 0 1 0 MDC
A 1473200 -3962400 203200 1 9 3 #=13
A 0 0 9 0 3 0 PINTYPE=BI
P 14 1778000 -4318000 1778000 -3810000 0 1 0
L 1778000 -3733800 228600 1 2 0 1 0 MDIO
A 1727200 -3962400 203200 1 9 3 #=14
A 0 0 9 0 3 0 PINTYPE=BI
P 15 2032000 -4318000 2032000 -3810000 0 1 0
L 2032000 -3733800 228600 1 2 0 1 0 TXD3
A 1981200 -3962400 203200 1 9 3 #=15
A 0 0 9 0 3 0 PINTYPE=BI
P 16 2286000 -4318000 2286000 -3810000 0 1 0
L 2286000 -3733800 228600 1 2 0 1 0 TXD2
A 2235200 -3962400 203200 1 9 3 #=16
A 0 0 9 0 3 0 PINTYPE=BI
P 17 2540000 -4318000 2540000 -3810000 0 1 0
L 2540000 -3733800 228600 1 2 0 1 0 TXD1
A 2489200 -3962400 203200 1 9 3 #=17
A 0 0 9 0 3 0 PINTYPE=BI
P 18 2794000 -4318000 2794000 -3810000 0 1 0
L 2794000 -3733800 228600 1 2 0 1 0 TXD0
A 2743200 -3962400 203200 1 9 3 #=18
A 0 0 9 0 3 0 PINTYPE=BI
P 19 3048000 -4318000 3048000 -3810000 0 1 0
L 3048000 -3733800 228600 1 2 0 1 0 TXCTL
A 2997200 -3962400 203200 1 9 3 #=19
A 0 0 9 0 3 0 PINTYPE=BI
P 20 3302000 -4318000 3302000 -3810000 0 1 0
L 3302000 -3733800 228600 1 2 0 1 0 TXC
A 3251200 -3962400 203200 1 9 3 #=20
A 0 0 9 0 3 0 PINTYPE=BI
P 21 4572000 0 4064000 0 0 3 0
L 3987800 0 228600 0 8 0 1 0 REG_OUT
A 4216400 50800 203200 0 3 3 #=30
A 0 0 9 0 3 0 PINTYPE=BI
P 22 4572000 -254000 4064000 -254000 0 3 0
L 3987800 -254000 228600 0 8 0 1 0 DVDD33
A 4216400 -203200 203200 0 3 3 #=29
A 0 0 9 0 3 0 PINTYPE=BI
P 23 4572000 -508000 4064000 -508000 0 3 0
L 3987800 -508000 228600 0 8 0 1 0 DVDD_RG
A 4216400 -457200 203200 0 3 3 #=28
A 0 0 9 0 3 0 PINTYPE=BI
P 24 4572000 -762000 4064000 -762000 0 3 0
L 3987800 -762000 228600 0 8 0 1 0 RXC/PHYAD1
A 4216400 -711200 203200 0 3 3 #=27
A 0 0 9 0 3 0 PINTYPE=BI
P 25 4572000 -1016000 4064000 -1016000 0 3 0
L 3987800 -1016000 228600 0 8 0 1 0 RXCTL/PHYAD2
A 4216400 -965200 203200 0 3 3 #=26
A 0 0 9 0 3 0 PINTYPE=BI
P 26 4572000 -1270000 4064000 -1270000 0 3 0
L 3987800 -1270000 228600 0 8 0 1 0 RXD0/RXDLY
A 4216400 -1219200 203200 0 3 3 #=25
A 0 0 9 0 3 0 PINTYPE=BI
P 27 4572000 -1524000 4064000 -1524000 0 3 0
L 3987800 -1524000 228600 0 8 0 1 0 RXD1/TXDLY
A 4216400 -1473200 203200 0 3 3 #=24
A 0 0 9 0 3 0 PINTYPE=BI
P 28 4572000 -1778000 4064000 -1778000 0 3 0
L 3987800 -1778000 228600 0 8 0 1 0 RXD2/PLLOFF
A 4216400 -1727200 203200 0 3 3 #=23
A 0 0 9 0 3 0 PINTYPE=BI
P 29 4572000 -2032000 4064000 -2032000 0 3 0
L 3987800 -2032000 228600 0 8 0 1 0 RXD3/PHYAD0
A 4216400 -1981200 203200 0 3 3 #=22
A 0 0 9 0 3 0 PINTYPE=BI
P 30 4572000 -2286000 4064000 -2286000 0 3 0
L 3987800 -2286000 228600 0 8 0 1 0 DVDD10
A 4216400 -2235200 203200 0 3 3 #=21
A 0 0 9 0 3 0 PINTYPE=BI
P 31 1016000 3048000 1016000 2540000 0 0 0
L 1016000 2463800 228600 1 8 0 1 0 EP
A 965200 2692400 203200 1 3 3 #=41
A 0 0 9 0 3 0 PINTYPE=BI
P 32 1270000 3048000 1270000 2540000 0 0 0
L 1270000 2463800 228600 1 8 0 1 0 AVDD33_2
A 1219200 2692400 203200 1 3 3 #=40
A 0 0 9 0 3 0 PINTYPE=BI
P 33 1524000 3048000 1524000 2540000 0 0 0
L 1524000 2463800 228600 1 8 0 1 0 RSET
A 1473200 2692400 203200 1 3 3 #=39
A 0 0 9 0 3 0 PINTYPE=BI
P 34 1778000 3048000 1778000 2540000 0 0 0
L 1778000 2463800 228600 1 8 0 1 0 AVDD10_3
A 1727200 2692400 203200 1 3 3 #=38
A 0 0 9 0 3 0 PINTYPE=BI
P 35 2032000 3048000 2032000 2540000 0 0 0
L 2032000 2463800 228600 1 8 0 1 0 XTAL_OUT/EXT_CLK
A 1981200 2692400 203200 1 3 3 #=37
A 0 0 9 0 3 0 PINTYPE=BI
P 36 2286000 3048000 2286000 2540000 0 0 0
L 2286000 2463800 228600 1 8 0 1 0 XTAL_IN
A 2235200 2692400 203200 1 3 3 #=36
A 0 0 9 0 3 0 PINTYPE=BI
P 37 2540000 3048000 2540000 2540000 0 0 0
L 2540000 2463800 228600 1 8 0 1 0 CLKOUT
A 2489200 2692400 203200 1 3 3 #=35
A 0 0 9 0 3 0 PINTYPE=BI
P 38 2794000 3048000 2794000 2540000 0 0 0
L 2794000 2463800 228600 1 8 0 1 0 LED2/CFG_LDO1
A 2743200 2692400 203200 1 3 3 #=34
A 0 0 9 0 3 0 PINTYPE=BI
P 39 3048000 3048000 3048000 2540000 0 0 0
L 3048000 2463800 228600 1 8 0 1 0 LED1/CFG_LDO0
A 2997200 2692400 203200 1 3 3 #=33
A 0 0 9 0 3 0 PINTYPE=BI
P 40 3302000 3048000 3302000 2540000 0 0 0
L 3302000 2463800 228600 1 8 0 1 0 LED0/CFG_EXT
A 3251200 2692400 203200 1 3 3 #=32
A 0 0 9 0 3 0 PINTYPE=BI
P 41 3556000 3048000 3556000 2540000 0 0 0
L 3556000 2463800 228600 1 8 0 1 0 INTB/PMEB
A 3505200 2692400 203200 1 3 3 #=31
A 0 0 9 0 3 0 PINTYPE=BI
E
