V 54
K 1
D 0 -35814000 4318000 0
Y 1
U 3937000 762000 254000 0 2 3 REFDES=IC?
U 3937000 508000 254000 0 2 3 DEVICE=H616
U 3937000 254000 254000 0 2 0 PKG_TYPE=BGA284C65P21X18_1400X1200X133
U 3937000 0 254000 0 2 0 Description=SOC QUAD CORE A53 TFBGA284
U 3937000 -254000 254000 0 2 0 Datasheet Link=https://linux-sunxi.org/images/b/b9/H616_Datasheet_V1.0_cleaned.pdf
U 3937000 -508000 254000 0 2 0 Height=1.33
U 3937000 -762000 254000 0 2 0 Manufacturer_Name=Allwinner Technology
U 3937000 -1016000 254000 0 2 0 Manufacturer_Part_Number=H616
U 3937000 -1270000 254000 0 2 0 Mouser Part Number=
U 3937000 -1524000 254000 0 2 0 Mouser Price/Stock=
U 3937000 -1778000 254000 0 2 0 Arrow Part Number=
U 3937000 -2032000 254000 0 2 0 Arrow Price/Stock=
U 0 0 254000 0 1 0 FORWARD_PCB=1
l 5 508000 254000 3810000 254000 3810000 -36068000 508000 -36068000 508000 254000
|GRPHSTL -1 -1 -1 1
P 1 0 0 508000 0 0 2 0
L 584200 0 228600 0 2 0 1 0 GND_1
A 355600 50800 203200 0 9 3 #=A1
A 0 0 9 0 3 0 PINTYPE=BI
P 2 0 -254000 508000 -254000 0 2 0
L 584200 -254000 228600 0 2 0 1 0 PG18
A 355600 -203200 203200 0 9 3 #=A2
A 0 0 9 0 3 0 PINTYPE=BI
P 3 0 -508000 508000 -508000 0 2 0
L 584200 -508000 228600 0 2 0 1 0 PG6
A 355600 -457200 203200 0 9 3 #=A4
A 0 0 9 0 3 0 PINTYPE=BI
P 4 0 -762000 508000 -762000 0 2 0
L 584200 -762000 228600 0 2 0 1 0 PG0
A 355600 -711200 203200 0 9 3 #=A6
A 0 0 9 0 3 0 PINTYPE=BI
P 5 0 -1016000 508000 -1016000 0 2 0
L 584200 -1016000 228600 0 2 0 1 0 PG15
A 355600 -965200 203200 0 9 3 #=A8
A 0 0 9 0 3 0 PINTYPE=BI
P 6 0 -1270000 508000 -1270000 0 2 0
L 584200 -1270000 228600 0 2 0 1 0 GND_2
A 355600 -1219200 203200 0 9 3 #=A10
A 0 0 9 0 3 0 PINTYPE=BI
P 7 0 -1524000 508000 -1524000 0 2 0
L 584200 -1524000 228600 0 2 0 1 0 PH9
A 355600 -1473200 203200 0 9 3 #=A12
A 0 0 9 0 3 0 PINTYPE=BI
P 8 0 -1778000 508000 -1778000 0 2 0
L 584200 -1778000 228600 0 2 0 1 0 PH4
A 355600 -1727200 203200 0 9 3 #=A14
A 0 0 9 0 3 0 PINTYPE=BI
P 9 0 -2032000 508000 -2032000 0 2 0
L 584200 -2032000 228600 0 2 0 1 0 RESET
A 355600 -1981200 203200 0 9 3 #=A16
A 0 0 9 0 3 0 PINTYPE=BI
P 10 0 -2286000 508000 -2286000 0 2 0
L 584200 -2286000 228600 0 2 0 1 0 GND_3
A 355600 -2235200 203200 0 9 3 #=A18
A 0 0 9 0 3 0 PINTYPE=BI
P 11 0 -2540000 508000 -2540000 0 2 0
L 584200 -2540000 228600 0 2 0 1 0 EPHY_TXP
A 355600 -2489200 203200 0 9 3 #=A19
A 0 0 9 0 3 0 PINTYPE=BI
P 12 0 -2794000 508000 -2794000 0 2 0
L 584200 -2794000 228600 0 2 0 1 0 EPHY_TXN
A 355600 -2743200 203200 0 9 3 #=A20
A 0 0 9 0 3 0 PINTYPE=BI
P 13 0 -3048000 508000 -3048000 0 2 0
L 584200 -3048000 228600 0 2 0 1 0 GND_4
A 355600 -2997200 203200 0 9 3 #=A21
A 0 0 9 0 3 0 PINTYPE=BI
P 14 0 -3302000 508000 -3302000 0 2 0
L 584200 -3302000 228600 0 2 0 1 0 PC0
A 355600 -3251200 203200 0 9 3 #=B1
A 0 0 9 0 3 0 PINTYPE=BI
P 15 0 -3556000 508000 -3556000 0 2 0
L 584200 -3556000 228600 0 2 0 1 0 PG19
A 355600 -3505200 203200 0 9 3 #=B2
A 0 0 9 0 3 0 PINTYPE=BI
P 16 0 -3810000 508000 -3810000 0 2 0
L 584200 -3810000 228600 0 2 0 1 0 PG9
A 355600 -3759200 203200 0 9 3 #=B3
A 0 0 9 0 3 0 PINTYPE=BI
P 17 0 -4064000 508000 -4064000 0 2 0
L 584200 -4064000 228600 0 2 0 1 0 PG7
A 355600 -4013200 203200 0 9 3 #=B4
A 0 0 9 0 3 0 PINTYPE=BI
P 18 0 -4318000 508000 -4318000 0 2 0
L 584200 -4318000 228600 0 2 0 1 0 PG3
A 355600 -4267200 203200 0 9 3 #=B5
A 0 0 9 0 3 0 PINTYPE=BI
P 19 0 -4572000 508000 -4572000 0 2 0
L 584200 -4572000 228600 0 2 0 1 0 GND_5
A 355600 -4521200 203200 0 9 3 #=B6
A 0 0 9 0 3 0 PINTYPE=BI
P 20 0 -4826000 508000 -4826000 0 2 0
L 584200 -4826000 228600 0 2 0 1 0 PG5
A 355600 -4775200 203200 0 9 3 #=B7
A 0 0 9 0 3 0 PINTYPE=BI
P 21 0 -5080000 508000 -5080000 0 2 0
L 584200 -5080000 228600 0 2 0 1 0 PG16
A 355600 -5029200 203200 0 9 3 #=B8
A 0 0 9 0 3 0 PINTYPE=BI
P 22 0 -5334000 508000 -5334000 0 2 0
L 584200 -5334000 228600 0 2 0 1 0 PG14
A 355600 -5283200 203200 0 9 3 #=B9
A 0 0 9 0 3 0 PINTYPE=BI
P 23 0 -5588000 508000 -5588000 0 2 0
L 584200 -5588000 228600 0 2 0 1 0 PG11
A 355600 -5537200 203200 0 9 3 #=B10
A 0 0 9 0 3 0 PINTYPE=BI
P 24 0 -5842000 508000 -5842000 0 2 0
L 584200 -5842000 228600 0 2 0 1 0 DXIN
A 355600 -5791200 203200 0 9 3 #=B11
A 0 0 9 0 3 0 PINTYPE=BI
P 25 0 -6096000 508000 -6096000 0 2 0
L 584200 -6096000 228600 0 2 0 1 0 PH7
A 355600 -6045200 203200 0 9 3 #=B12
A 0 0 9 0 3 0 PINTYPE=BI
P 26 0 -6350000 508000 -6350000 0 2 0
L 584200 -6350000 228600 0 2 0 1 0 PH10
A 355600 -6299200 203200 0 9 3 #=B13
A 0 0 9 0 3 0 PINTYPE=BI
P 27 0 -6604000 508000 -6604000 0 2 0
L 584200 -6604000 228600 0 2 0 1 0 PH5
A 355600 -6553200 203200 0 9 3 #=B14
A 0 0 9 0 3 0 PINTYPE=BI
P 28 0 -6858000 508000 -6858000 0 2 0
L 584200 -6858000 228600 0 2 0 1 0 PH2
A 355600 -6807200 203200 0 9 3 #=B15
A 0 0 9 0 3 0 PINTYPE=BI
P 29 0 -7112000 508000 -7112000 0 2 0
L 584200 -7112000 228600 0 2 0 1 0 GND_6
A 355600 -7061200 203200 0 9 3 #=B16
A 0 0 9 0 3 0 PINTYPE=BI
P 30 0 -7366000 508000 -7366000 0 2 0
L 584200 -7366000 228600 0 2 0 1 0 FEL
A 355600 -7315200 203200 0 9 3 #=B17
A 0 0 9 0 3 0 PINTYPE=BI
P 31 0 -7620000 508000 -7620000 0 2 0
L 584200 -7620000 228600 0 2 0 1 0 PL1
A 355600 -7569200 203200 0 9 3 #=B18
A 0 0 9 0 3 0 PINTYPE=BI
P 32 0 -7874000 508000 -7874000 0 2 0
L 584200 -7874000 228600 0 2 0 1 0 EPHY_RTX
A 355600 -7823200 203200 0 9 3 #=B19
A 0 0 9 0 3 0 PINTYPE=BI
P 33 0 -8128000 508000 -8128000 0 2 0
L 584200 -8128000 228600 0 2 0 1 0 EPHY_RXP
A 355600 -8077200 203200 0 9 3 #=B20
A 0 0 9 0 3 0 PINTYPE=BI
P 34 0 -8382000 508000 -8382000 0 2 0
L 584200 -8382000 228600 0 2 0 1 0 EPHY_RXN
A 355600 -8331200 203200 0 9 3 #=B21
A 0 0 9 0 3 0 PINTYPE=BI
P 35 0 -8636000 508000 -8636000 0 2 0
L 584200 -8636000 228600 0 2 0 1 0 PC2
A 355600 -8585200 203200 0 9 3 #=C1
A 0 0 9 0 3 0 PINTYPE=BI
P 36 0 -8890000 508000 -8890000 0 2 0
L 584200 -8890000 228600 0 2 0 1 0 PC1
A 355600 -8839200 203200 0 9 3 #=C2
A 0 0 9 0 3 0 PINTYPE=BI
P 37 0 -9144000 508000 -9144000 0 2 0
L 584200 -9144000 228600 0 2 0 1 0 PG17
A 355600 -9093200 203200 0 9 3 #=C3
A 0 0 9 0 3 0 PINTYPE=BI
P 38 0 -9398000 508000 -9398000 0 2 0
L 584200 -9398000 228600 0 2 0 1 0 PG8
A 355600 -9347200 203200 0 9 3 #=C4
A 0 0 9 0 3 0 PINTYPE=BI
P 39 0 -9652000 508000 -9652000 0 2 0
L 584200 -9652000 228600 0 2 0 1 0 PG4
A 355600 -9601200 203200 0 9 3 #=C5
A 0 0 9 0 3 0 PINTYPE=BI
P 40 0 -9906000 508000 -9906000 0 2 0
L 584200 -9906000 228600 0 2 0 1 0 PG2
A 355600 -9855200 203200 0 9 3 #=C6
A 0 0 9 0 3 0 PINTYPE=BI
P 41 0 -10160000 508000 -10160000 0 2 0
L 584200 -10160000 228600 0 2 0 1 0 PG1
A 355600 -10109200 203200 0 9 3 #=C7
A 0 0 9 0 3 0 PINTYPE=BI
P 42 0 -10414000 508000 -10414000 0 2 0
L 584200 -10414000 228600 0 2 0 1 0 PG10
A 355600 -10363200 203200 0 9 3 #=C8
A 0 0 9 0 3 0 PINTYPE=BI
P 43 0 -10668000 508000 -10668000 0 2 0
L 584200 -10668000 228600 0 2 0 1 0 PG12
A 355600 -10617200 203200 0 9 3 #=C9
A 0 0 9 0 3 0 PINTYPE=BI
P 44 0 -10922000 508000 -10922000 0 2 0
L 584200 -10922000 228600 0 2 0 1 0 PG13
A 355600 -10871200 203200 0 9 3 #=C10
A 0 0 9 0 3 0 PINTYPE=BI
P 45 0 -11176000 508000 -11176000 0 2 0
L 584200 -11176000 228600 0 2 0 1 0 REFCLK_OUT
A 355600 -11125200 203200 0 9 3 #=C11
A 0 0 9 0 3 0 PINTYPE=BI
P 46 0 -11430000 508000 -11430000 0 2 0
L 584200 -11430000 228600 0 2 0 1 0 DXOUT
A 355600 -11379200 203200 0 9 3 #=C12
A 0 0 9 0 3 0 PINTYPE=BI
P 47 0 -11684000 508000 -11684000 0 2 0
L 584200 -11684000 228600 0 2 0 1 0 PH8
A 355600 -11633200 203200 0 9 3 #=C13
A 0 0 9 0 3 0 PINTYPE=BI
P 48 0 -11938000 508000 -11938000 0 2 0
L 584200 -11938000 228600 0 2 0 1 0 PH6
A 355600 -11887200 203200 0 9 3 #=C14
A 0 0 9 0 3 0 PINTYPE=BI
P 49 0 -12192000 508000 -12192000 0 2 0
L 584200 -12192000 228600 0 2 0 1 0 PH3
A 355600 -12141200 203200 0 9 3 #=C15
A 0 0 9 0 3 0 PINTYPE=BI
P 50 0 -12446000 508000 -12446000 0 2 0
L 584200 -12446000 228600 0 2 0 1 0 JTAG_SEL
A 355600 -12395200 203200 0 9 3 #=C16
A 0 0 9 0 3 0 PINTYPE=BI
P 51 0 -12700000 508000 -12700000 0 2 0
L 584200 -12700000 228600 0 2 0 1 0 AC_VRA1
A 355600 -12649200 203200 0 9 3 #=C17
A 0 0 9 0 3 0 PINTYPE=BI
P 52 0 -12954000 508000 -12954000 0 2 0
L 584200 -12954000 228600 0 2 0 1 0 PL0
A 355600 -12903200 203200 0 9 3 #=C18
A 0 0 9 0 3 0 PINTYPE=BI
P 53 0 -13208000 508000 -13208000 0 2 0
L 584200 -13208000 228600 0 2 0 1 0 HTX2P
A 355600 -13157200 203200 0 9 3 #=C19
A 0 0 9 0 3 0 PINTYPE=BI
P 54 0 -13462000 508000 -13462000 0 2 0
L 584200 -13462000 228600 0 2 0 1 0 HTX2N
A 355600 -13411200 203200 0 9 3 #=C20
A 0 0 9 0 3 0 PINTYPE=BI
P 55 0 -13716000 508000 -13716000 0 2 0
L 584200 -13716000 228600 0 2 0 1 0 PC3
A 355600 -13665200 203200 0 9 3 #=D1
A 0 0 9 0 3 0 PINTYPE=BI
P 56 0 -13970000 508000 -13970000 0 2 0
L 584200 -13970000 228600 0 2 0 1 0 PC4
A 355600 -13919200 203200 0 9 3 #=D2
A 0 0 9 0 3 0 PINTYPE=BI
P 57 0 -14224000 508000 -14224000 0 2 0
L 584200 -14224000 228600 0 2 0 1 0 PC5
A 355600 -14173200 203200 0 9 3 #=D3
A 0 0 9 0 3 0 PINTYPE=BI
P 58 0 -14478000 508000 -14478000 0 2 0
L 584200 -14478000 228600 0 2 0 1 0 PI1
A 355600 -14427200 203200 0 9 3 #=D4
A 0 0 9 0 3 0 PINTYPE=BI
P 59 0 -14732000 508000 -14732000 0 2 0
L 584200 -14732000 228600 0 2 0 1 0 PI9
A 355600 -14681200 203200 0 9 3 #=D5
A 0 0 9 0 3 0 PINTYPE=BI
P 60 0 -14986000 508000 -14986000 0 2 0
L 584200 -14986000 228600 0 2 0 1 0 VCC_PG
A 355600 -14935200 203200 0 9 3 #=D7
A 0 0 9 0 3 0 PINTYPE=BI
P 61 0 -15240000 508000 -15240000 0 2 0
L 584200 -15240000 228600 0 2 0 1 0 VCC_IO
A 355600 -15189200 203200 0 9 3 #=D10
A 0 0 9 0 3 0 PINTYPE=BI
P 62 0 -15494000 508000 -15494000 0 2 0
L 584200 -15494000 228600 0 2 0 1 0 VCC_DCXO
A 355600 -15443200 203200 0 9 3 #=D11
A 0 0 9 0 3 0 PINTYPE=BI
P 63 0 -15748000 508000 -15748000 0 2 0
L 584200 -15748000 228600 0 2 0 1 0 VCC_PLL
A 355600 -15697200 203200 0 9 3 #=D12
A 0 0 9 0 3 0 PINTYPE=BI
P 64 0 -16002000 508000 -16002000 0 2 0
L 584200 -16002000 228600 0 2 0 1 0 DXLDO_OUT
A 355600 -15951200 203200 0 9 3 #=D13
A 0 0 9 0 3 0 PINTYPE=BI
P 65 0 -16256000 508000 -16256000 0 2 0
L 584200 -16256000 228600 0 2 0 1 0 PLLTEST
A 355600 -16205200 203200 0 9 3 #=D14
A 0 0 9 0 3 0 PINTYPE=BI
P 66 0 -16510000 508000 -16510000 0 2 0
L 584200 -16510000 228600 0 2 0 1 0 PH1
A 355600 -16459200 203200 0 9 3 #=D15
A 0 0 9 0 3 0 PINTYPE=BI
P 67 0 -16764000 508000 -16764000 0 2 0
L 584200 -16764000 228600 0 2 0 1 0 PH0
A 355600 -16713200 203200 0 9 3 #=D16
A 0 0 9 0 3 0 PINTYPE=BI
P 68 0 -17018000 508000 -17018000 0 2 0
L 584200 -17018000 228600 0 2 0 1 0 AC_AVCC
A 355600 -16967200 203200 0 9 3 #=D18
A 0 0 9 0 3 0 PINTYPE=BI
P 69 0 -17272000 508000 -17272000 0 2 0
L 584200 -17272000 228600 0 2 0 1 0 GND_7
A 355600 -17221200 203200 0 9 3 #=D19
A 0 0 9 0 3 0 PINTYPE=BI
P 70 0 -17526000 508000 -17526000 0 2 0
L 584200 -17526000 228600 0 2 0 1 0 HTX1P
A 355600 -17475200 203200 0 9 3 #=D20
A 0 0 9 0 3 0 PINTYPE=BI
P 71 0 -17780000 508000 -17780000 0 2 0
L 584200 -17780000 228600 0 2 0 1 0 HTX1N
A 355600 -17729200 203200 0 9 3 #=D21
A 0 0 9 0 3 0 PINTYPE=BI
P 72 0 -18034000 508000 -18034000 0 2 0
L 584200 -18034000 228600 0 2 0 1 0 PC6
A 355600 -17983200 203200 0 9 3 #=E2
A 0 0 9 0 3 0 PINTYPE=BI
P 73 0 -18288000 508000 -18288000 0 2 0
L 584200 -18288000 228600 0 2 0 1 0 PC8
A 355600 -18237200 203200 0 9 3 #=E3
A 0 0 9 0 3 0 PINTYPE=BI
P 74 0 -18542000 508000 -18542000 0 2 0
L 584200 -18542000 228600 0 2 0 1 0 PI3
A 355600 -18491200 203200 0 9 3 #=E4
A 0 0 9 0 3 0 PINTYPE=BI
P 75 0 -18796000 508000 -18796000 0 2 0
L 584200 -18796000 228600 0 2 0 1 0 PI13
A 355600 -18745200 203200 0 9 3 #=E5
A 0 0 9 0 3 0 PINTYPE=BI
P 76 0 -19050000 508000 -19050000 0 2 0
L 584200 -19050000 228600 0 2 0 1 0 PI8
A 355600 -18999200 203200 0 9 3 #=E6
A 0 0 9 0 3 0 PINTYPE=BI
P 77 0 -19304000 508000 -19304000 0 2 0
L 584200 -19304000 228600 0 2 0 1 0 VCC_EPHY
A 355600 -19253200 203200 0 9 3 #=E18
A 0 0 9 0 3 0 PINTYPE=BI
P 78 0 -19558000 508000 -19558000 0 2 0
L 584200 -19558000 228600 0 2 0 1 0 HTX0P
A 355600 -19507200 203200 0 9 3 #=E19
A 0 0 9 0 3 0 PINTYPE=BI
P 79 0 -19812000 508000 -19812000 0 2 0
L 584200 -19812000 228600 0 2 0 1 0 HTX0N
A 355600 -19761200 203200 0 9 3 #=E20
A 0 0 9 0 3 0 PINTYPE=BI
P 80 0 -20066000 508000 -20066000 0 2 0
L 584200 -20066000 228600 0 2 0 1 0 PC9
A 355600 -20015200 203200 0 9 3 #=F1
A 0 0 9 0 3 0 PINTYPE=BI
P 81 0 -20320000 508000 -20320000 0 2 0
L 584200 -20320000 228600 0 2 0 1 0 PC10
A 355600 -20269200 203200 0 9 3 #=F2
A 0 0 9 0 3 0 PINTYPE=BI
P 82 0 -20574000 508000 -20574000 0 2 0
L 584200 -20574000 228600 0 2 0 1 0 PC11
A 355600 -20523200 203200 0 9 3 #=F3
A 0 0 9 0 3 0 PINTYPE=BI
P 83 0 -20828000 508000 -20828000 0 2 0
L 584200 -20828000 228600 0 2 0 1 0 PC7
A 355600 -20777200 203200 0 9 3 #=F4
A 0 0 9 0 3 0 PINTYPE=BI
P 84 0 -21082000 508000 -21082000 0 2 0
L 584200 -21082000 228600 0 2 0 1 0 VCC_PC
A 355600 -21031200 203200 0 9 3 #=F5
A 0 0 9 0 3 0 PINTYPE=BI
P 85 0 -21336000 508000 -21336000 0 2 0
L 584200 -21336000 228600 0 2 0 1 0 VDD_GPUFB
A 355600 -21285200 203200 0 9 3 #=F8
A 0 0 9 0 3 0 PINTYPE=BI
P 86 0 -21590000 508000 -21590000 0 2 0
L 584200 -21590000 228600 0 2 0 1 0 VDD_GPU_1
A 355600 -21539200 203200 0 9 3 #=F9
A 0 0 9 0 3 0 PINTYPE=BI
P 87 0 -21844000 508000 -21844000 0 2 0
L 584200 -21844000 228600 0 2 0 1 0 VDD_GPU_2
A 355600 -21793200 203200 0 9 3 #=F10
A 0 0 9 0 3 0 PINTYPE=BI
P 88 0 -22098000 508000 -22098000 0 2 0
L 584200 -22098000 228600 0 2 0 1 0 VDD_SYS_1
A 355600 -22047200 203200 0 9 3 #=F11
A 0 0 9 0 3 0 PINTYPE=BI
P 89 0 -22352000 508000 -22352000 0 2 0
L 584200 -22352000 228600 0 2 0 1 0 VDD_SYS_2
A 355600 -22301200 203200 0 9 3 #=F12
A 0 0 9 0 3 0 PINTYPE=BI
P 90 0 -22606000 508000 -22606000 0 2 0
L 584200 -22606000 228600 0 2 0 1 0 VDD_SYS_3
A 355600 -22555200 203200 0 9 3 #=F13
A 0 0 9 0 3 0 PINTYPE=BI
P 91 0 -22860000 508000 -22860000 0 2 0
L 584200 -22860000 228600 0 2 0 1 0 GND_8
A 355600 -22809200 203200 0 9 3 #=F14
A 0 0 9 0 3 0 PINTYPE=BI
P 92 0 -23114000 508000 -23114000 0 2 0
L 584200 -23114000 228600 0 2 0 1 0 GND_9
A 355600 -23063200 203200 0 9 3 #=F15
A 0 0 9 0 3 0 PINTYPE=BI
P 93 0 -23368000 508000 -23368000 0 2 0
L 584200 -23368000 228600 0 2 0 1 0 VCC_HDMI
A 355600 -23317200 203200 0 9 3 #=F18
A 0 0 9 0 3 0 PINTYPE=BI
P 94 0 -23622000 508000 -23622000 0 2 0
L 584200 -23622000 228600 0 2 0 1 0 HSCL
A 355600 -23571200 203200 0 9 3 #=F19
A 0 0 9 0 3 0 PINTYPE=BI
P 95 0 -23876000 508000 -23876000 0 2 0
L 584200 -23876000 228600 0 2 0 1 0 HTXCP
A 355600 -23825200 203200 0 9 3 #=F20
A 0 0 9 0 3 0 PINTYPE=BI
P 96 0 -24130000 508000 -24130000 0 2 0
L 584200 -24130000 228600 0 2 0 1 0 HTXCN
A 355600 -24079200 203200 0 9 3 #=F21
A 0 0 9 0 3 0 PINTYPE=BI
P 97 0 -24384000 508000 -24384000 0 2 0
L 584200 -24384000 228600 0 2 0 1 0 PC12
A 355600 -24333200 203200 0 9 3 #=G2
A 0 0 9 0 3 0 PINTYPE=BI
P 98 0 -24638000 508000 -24638000 0 2 0
L 584200 -24638000 228600 0 2 0 1 0 PC13
A 355600 -24587200 203200 0 9 3 #=G3
A 0 0 9 0 3 0 PINTYPE=BI
P 99 0 -24892000 508000 -24892000 0 2 0
L 584200 -24892000 228600 0 2 0 1 0 PI7
A 355600 -24841200 203200 0 9 3 #=G4
A 0 0 9 0 3 0 PINTYPE=BI
P 100 0 -25146000 508000 -25146000 0 2 0
L 584200 -25146000 228600 0 2 0 1 0 PI4
A 355600 -25095200 203200 0 9 3 #=G5
A 0 0 9 0 3 0 PINTYPE=BI
P 101 0 -25400000 508000 -25400000 0 2 0
L 584200 -25400000 228600 0 2 0 1 0 PI2
A 355600 -25349200 203200 0 9 3 #=G6
A 0 0 9 0 3 0 PINTYPE=BI
P 102 0 -25654000 508000 -25654000 0 2 0
L 584200 -25654000 228600 0 2 0 1 0 VDD_GPU_3
A 355600 -25603200 203200 0 9 3 #=G8
A 0 0 9 0 3 0 PINTYPE=BI
P 103 0 -25908000 508000 -25908000 0 2 0
L 584200 -25908000 228600 0 2 0 1 0 VDD_GPU_4
A 355600 -25857200 203200 0 9 3 #=G9
A 0 0 9 0 3 0 PINTYPE=BI
P 104 0 -26162000 508000 -26162000 0 2 0
L 584200 -26162000 228600 0 2 0 1 0 VDD_SYS_4
A 355600 -26111200 203200 0 9 3 #=G10
A 0 0 9 0 3 0 PINTYPE=BI
P 105 0 -26416000 508000 -26416000 0 2 0
L 584200 -26416000 228600 0 2 0 1 0 VDD_SYS_5
A 355600 -26365200 203200 0 9 3 #=G11
A 0 0 9 0 3 0 PINTYPE=BI
P 106 0 -26670000 508000 -26670000 0 2 0
L 584200 -26670000 228600 0 2 0 1 0 VDD_SYS_6
A 355600 -26619200 203200 0 9 3 #=G12
A 0 0 9 0 3 0 PINTYPE=BI
P 107 0 -26924000 508000 -26924000 0 2 0
L 584200 -26924000 228600 0 2 0 1 0 GND_10
A 355600 -26873200 203200 0 9 3 #=G13
A 0 0 9 0 3 0 PINTYPE=BI
P 108 0 -27178000 508000 -27178000 0 2 0
L 584200 -27178000 228600 0 2 0 1 0 GND_11
A 355600 -27127200 203200 0 9 3 #=G14
A 0 0 9 0 3 0 PINTYPE=BI
P 109 0 -27432000 508000 -27432000 0 2 0
L 584200 -27432000 228600 0 2 0 1 0 GND_12
A 355600 -27381200 203200 0 9 3 #=G15
A 0 0 9 0 3 0 PINTYPE=BI
P 110 0 -27686000 508000 -27686000 0 2 0
L 584200 -27686000 228600 0 2 0 1 0 HCEC
A 355600 -27635200 203200 0 9 3 #=G17
A 0 0 9 0 3 0 PINTYPE=BI
P 111 0 -27940000 508000 -27940000 0 2 0
L 584200 -27940000 228600 0 2 0 1 0 HHPD
A 355600 -27889200 203200 0 9 3 #=G18
A 0 0 9 0 3 0 PINTYPE=BI
P 112 0 -28194000 508000 -28194000 0 2 0
L 584200 -28194000 228600 0 2 0 1 0 LINEOUTL
A 355600 -28143200 203200 0 9 3 #=G19
A 0 0 9 0 3 0 PINTYPE=BI
P 113 0 -28448000 508000 -28448000 0 2 0
L 584200 -28448000 228600 0 2 0 1 0 LINEOUTR
A 355600 -28397200 203200 0 9 3 #=G20
A 0 0 9 0 3 0 PINTYPE=BI
P 114 0 -28702000 508000 -28702000 0 2 0
L 584200 -28702000 228600 0 2 0 1 0 HSDA
A 355600 -28651200 203200 0 9 3 #=G21
A 0 0 9 0 3 0 PINTYPE=BI
P 115 0 -28956000 508000 -28956000 0 2 0
L 584200 -28956000 228600 0 2 0 1 0 PC14
A 355600 -28905200 203200 0 9 3 #=H1
A 0 0 9 0 3 0 PINTYPE=BI
P 116 0 -29210000 508000 -29210000 0 2 0
L 584200 -29210000 228600 0 2 0 1 0 PC15
A 355600 -29159200 203200 0 9 3 #=H2
A 0 0 9 0 3 0 PINTYPE=BI
P 117 0 -29464000 508000 -29464000 0 2 0
L 584200 -29464000 228600 0 2 0 1 0 PC16
A 355600 -29413200 203200 0 9 3 #=H3
A 0 0 9 0 3 0 PINTYPE=BI
P 118 0 -29718000 508000 -29718000 0 2 0
L 584200 -29718000 228600 0 2 0 1 0 PI5
A 355600 -29667200 203200 0 9 3 #=H4
A 0 0 9 0 3 0 PINTYPE=BI
P 119 0 -29972000 508000 -29972000 0 2 0
L 584200 -29972000 228600 0 2 0 1 0 PI6
A 355600 -29921200 203200 0 9 3 #=H5
A 0 0 9 0 3 0 PINTYPE=BI
P 120 0 -30226000 508000 -30226000 0 2 0
L 584200 -30226000 228600 0 2 0 1 0 PI0
A 355600 -30175200 203200 0 9 3 #=H6
A 0 0 9 0 3 0 PINTYPE=BI
P 121 0 -30480000 508000 -30480000 0 2 0
L 584200 -30480000 228600 0 2 0 1 0 VDD_CPU_1
A 355600 -30429200 203200 0 9 3 #=H8
A 0 0 9 0 3 0 PINTYPE=BI
P 122 0 -30734000 508000 -30734000 0 2 0
L 584200 -30734000 228600 0 2 0 1 0 VDD_CPU_2
A 355600 -30683200 203200 0 9 3 #=H9
A 0 0 9 0 3 0 PINTYPE=BI
P 123 0 -30988000 508000 -30988000 0 2 0
L 584200 -30988000 228600 0 2 0 1 0 GND_13
A 355600 -30937200 203200 0 9 3 #=H10
A 0 0 9 0 3 0 PINTYPE=BI
P 124 0 -31242000 508000 -31242000 0 2 0
L 584200 -31242000 228600 0 2 0 1 0 GND_14
A 355600 -31191200 203200 0 9 3 #=H11
A 0 0 9 0 3 0 PINTYPE=BI
P 125 0 -31496000 508000 -31496000 0 2 0
L 584200 -31496000 228600 0 2 0 1 0 GND_15
A 355600 -31445200 203200 0 9 3 #=H12
A 0 0 9 0 3 0 PINTYPE=BI
P 126 0 -31750000 508000 -31750000 0 2 0
L 584200 -31750000 228600 0 2 0 1 0 GND_16
A 355600 -31699200 203200 0 9 3 #=H13
A 0 0 9 0 3 0 PINTYPE=BI
P 127 0 -32004000 508000 -32004000 0 2 0
L 584200 -32004000 228600 0 2 0 1 0 GND_17
A 355600 -31953200 203200 0 9 3 #=H14
A 0 0 9 0 3 0 PINTYPE=BI
P 128 0 -32258000 508000 -32258000 0 2 0
L 584200 -32258000 228600 0 2 0 1 0 GND_18
A 355600 -32207200 203200 0 9 3 #=H15
A 0 0 9 0 3 0 PINTYPE=BI
P 129 0 -32512000 508000 -32512000 0 2 0
L 584200 -32512000 228600 0 2 0 1 0 AVCC
A 355600 -32461200 203200 0 9 3 #=H17
A 0 0 9 0 3 0 PINTYPE=BI
P 130 0 -32766000 508000 -32766000 0 2 0
L 584200 -32766000 228600 0 2 0 1 0 AGND
A 355600 -32715200 203200 0 9 3 #=H18
A 0 0 9 0 3 0 PINTYPE=BI
P 131 0 -33020000 508000 -33020000 0 2 0
L 584200 -33020000 228600 0 2 0 1 0 GND_19
A 355600 -32969200 203200 0 9 3 #=H19
A 0 0 9 0 3 0 PINTYPE=BI
P 132 0 -33274000 508000 -33274000 0 2 0
L 584200 -33274000 228600 0 2 0 1 0 VCC_TV
A 355600 -33223200 203200 0 9 3 #=H20
A 0 0 9 0 3 0 PINTYPE=BI
P 133 0 -33528000 508000 -33528000 0 2 0
L 584200 -33528000 228600 0 2 0 1 0 PF0
A 355600 -33477200 203200 0 9 3 #=J2
A 0 0 9 0 3 0 PINTYPE=BI
P 134 0 -33782000 508000 -33782000 0 2 0
L 584200 -33782000 228600 0 2 0 1 0 PF1
A 355600 -33731200 203200 0 9 3 #=J3
A 0 0 9 0 3 0 PINTYPE=BI
P 135 0 -34036000 508000 -34036000 0 2 0
L 584200 -34036000 228600 0 2 0 1 0 VCC_PI
A 355600 -33985200 203200 0 9 3 #=J6
A 0 0 9 0 3 0 PINTYPE=BI
P 136 0 -34290000 508000 -34290000 0 2 0
L 584200 -34290000 228600 0 2 0 1 0 VDD_CPU_3
A 355600 -34239200 203200 0 9 3 #=J8
A 0 0 9 0 3 0 PINTYPE=BI
P 137 0 -34544000 508000 -34544000 0 2 0
L 584200 -34544000 228600 0 2 0 1 0 VDD_CPU_4
A 355600 -34493200 203200 0 9 3 #=J9
A 0 0 9 0 3 0 PINTYPE=BI
P 138 0 -34798000 508000 -34798000 0 2 0
L 584200 -34798000 228600 0 2 0 1 0 VDD_CPU_5
A 355600 -34747200 203200 0 9 3 #=J10
A 0 0 9 0 3 0 PINTYPE=BI
P 139 0 -35052000 508000 -35052000 0 2 0
L 584200 -35052000 228600 0 2 0 1 0 VDD_CPU_6
A 355600 -35001200 203200 0 9 3 #=J11
A 0 0 9 0 3 0 PINTYPE=BI
P 140 0 -35306000 508000 -35306000 0 2 0
L 584200 -35306000 228600 0 2 0 1 0 GND_20
A 355600 -35255200 203200 0 9 3 #=J12
A 0 0 9 0 3 0 PINTYPE=BI
P 141 0 -35560000 508000 -35560000 0 2 0
L 584200 -35560000 228600 0 2 0 1 0 GND_21
A 355600 -35509200 203200 0 9 3 #=J13
A 0 0 9 0 3 0 PINTYPE=BI
P 142 0 -35814000 508000 -35814000 0 2 0
L 584200 -35814000 228600 0 2 0 1 0 GND_22
A 355600 -35763200 203200 0 9 3 #=J14
A 0 0 9 0 3 0 PINTYPE=BI
P 143 4318000 0 3810000 0 0 3 0
L 3733800 0 228600 0 8 0 1 0 GND_23
A 3962400 50800 203200 0 3 3 #=J15
A 0 0 9 0 3 0 PINTYPE=BI
P 144 4318000 -254000 3810000 -254000 0 3 0
L 3733800 -254000 228600 0 8 0 1 0 VRA2
A 3962400 -203200 203200 0 3 3 #=J17
A 0 0 9 0 3 0 PINTYPE=BI
P 145 4318000 -508000 3810000 -508000 0 3 0
L 3733800 -508000 228600 0 8 0 1 0 VRA1
A 3962400 -457200 203200 0 3 3 #=J18
A 0 0 9 0 3 0 PINTYPE=BI
P 146 4318000 -762000 3810000 -762000 0 3 0
L 3733800 -762000 228600 0 8 0 1 0 USB0_DM
A 3962400 -711200 203200 0 3 3 #=J19
A 0 0 9 0 3 0 PINTYPE=BI
P 147 4318000 -1016000 3810000 -1016000 0 3 0
L 3733800 -1016000 228600 0 8 0 1 0 USB0_DP
A 3962400 -965200 203200 0 3 3 #=J20
A 0 0 9 0 3 0 PINTYPE=BI
P 148 4318000 -1270000 3810000 -1270000 0 3 0
L 3733800 -1270000 228600 0 8 0 1 0 TV_OUT
A 3962400 -1219200 203200 0 3 3 #=J21
A 0 0 9 0 3 0 PINTYPE=BI
P 149 4318000 -1524000 3810000 -1524000 0 3 0
L 3733800 -1524000 228600 0 8 0 1 0 PF2
A 3962400 -1473200 203200 0 3 3 #=K1
A 0 0 9 0 3 0 PINTYPE=BI
P 150 4318000 -1778000 3810000 -1778000 0 3 0
L 3733800 -1778000 228600 0 8 0 1 0 PF6
A 3962400 -1727200 203200 0 3 3 #=K2
A 0 0 9 0 3 0 PINTYPE=BI
P 151 4318000 -2032000 3810000 -2032000 0 3 0
L 3733800 -2032000 228600 0 8 0 1 0 PF3
A 3962400 -1981200 203200 0 3 3 #=K3
A 0 0 9 0 3 0 PINTYPE=BI
P 152 4318000 -2286000 3810000 -2286000 0 3 0
L 3733800 -2286000 228600 0 8 0 1 0 PI11
A 3962400 -2235200 203200 0 3 3 #=K4
A 0 0 9 0 3 0 PINTYPE=BI
P 153 4318000 -2540000 3810000 -2540000 0 3 0
L 3733800 -2540000 228600 0 8 0 1 0 PI12
A 3962400 -2489200 203200 0 3 3 #=K5
A 0 0 9 0 3 0 PINTYPE=BI
P 154 4318000 -2794000 3810000 -2794000 0 3 0
L 3733800 -2794000 228600 0 8 0 1 0 PI16
A 3962400 -2743200 203200 0 3 3 #=K6
A 0 0 9 0 3 0 PINTYPE=BI
P 155 4318000 -3048000 3810000 -3048000 0 3 0
L 3733800 -3048000 228600 0 8 0 1 0 GND_24
A 3962400 -2997200 203200 0 3 3 #=K8
A 0 0 9 0 3 0 PINTYPE=BI
P 156 4318000 -3302000 3810000 -3302000 0 3 0
L 3733800 -3302000 228600 0 8 0 1 0 GND_25
A 3962400 -3251200 203200 0 3 3 #=K9
A 0 0 9 0 3 0 PINTYPE=BI
P 157 4318000 -3556000 3810000 -3556000 0 3 0
L 3733800 -3556000 228600 0 8 0 1 0 GND_26
A 3962400 -3505200 203200 0 3 3 #=K10
A 0 0 9 0 3 0 PINTYPE=BI
P 158 4318000 -3810000 3810000 -3810000 0 3 0
L 3733800 -3810000 228600 0 8 0 1 0 GND_27
A 3962400 -3759200 203200 0 3 3 #=K11
A 0 0 9 0 3 0 PINTYPE=BI
P 159 4318000 -4064000 3810000 -4064000 0 3 0
L 3733800 -4064000 228600 0 8 0 1 0 GND_28
A 3962400 -4013200 203200 0 3 3 #=K12
A 0 0 9 0 3 0 PINTYPE=BI
P 160 4318000 -4318000 3810000 -4318000 0 3 0
L 3733800 -4318000 228600 0 8 0 1 0 GND_29
A 3962400 -4267200 203200 0 3 3 #=K13
A 0 0 9 0 3 0 PINTYPE=BI
P 161 4318000 -4572000 3810000 -4572000 0 3 0
L 3733800 -4572000 228600 0 8 0 1 0 GND_30
A 3962400 -4521200 203200 0 3 3 #=K14
A 0 0 9 0 3 0 PINTYPE=BI
P 162 4318000 -4826000 3810000 -4826000 0 3 0
L 3733800 -4826000 228600 0 8 0 1 0 GND_31
A 3962400 -4775200 203200 0 3 3 #=K15
A 0 0 9 0 3 0 PINTYPE=BI
P 163 4318000 -5080000 3810000 -5080000 0 3 0
L 3733800 -5080000 228600 0 8 0 1 0 REXT
A 3962400 -5029200 203200 0 3 3 #=K18
A 0 0 9 0 3 0 PINTYPE=BI
P 164 4318000 -5334000 3810000 -5334000 0 3 0
L 3733800 -5334000 228600 0 8 0 1 0 USB2_DM
A 3962400 -5283200 203200 0 3 3 #=K19
A 0 0 9 0 3 0 PINTYPE=BI
P 165 4318000 -5588000 3810000 -5588000 0 3 0
L 3733800 -5588000 228600 0 8 0 1 0 USB2_DP
A 3962400 -5537200 203200 0 3 3 #=K20
A 0 0 9 0 3 0 PINTYPE=BI
P 166 4318000 -5842000 3810000 -5842000 0 3 0
L 3733800 -5842000 228600 0 8 0 1 0 PF4
A 3962400 -5791200 203200 0 3 3 #=L2
A 0 0 9 0 3 0 PINTYPE=BI
P 167 4318000 -6096000 3810000 -6096000 0 3 0
L 3733800 -6096000 228600 0 8 0 1 0 PF5
A 3962400 -6045200 203200 0 3 3 #=L3
A 0 0 9 0 3 0 PINTYPE=BI
P 168 4318000 -6350000 3810000 -6350000 0 3 0
L 3733800 -6350000 228600 0 8 0 1 0 PI15
A 3962400 -6299200 203200 0 3 3 #=L4
A 0 0 9 0 3 0 PINTYPE=BI
P 169 4318000 -6604000 3810000 -6604000 0 3 0
L 3733800 -6604000 228600 0 8 0 1 0 PI10
A 3962400 -6553200 203200 0 3 3 #=L5
A 0 0 9 0 3 0 PINTYPE=BI
P 170 4318000 -6858000 3810000 -6858000 0 3 0
L 3733800 -6858000 228600 0 8 0 1 0 PI14
A 3962400 -6807200 203200 0 3 3 #=L6
A 0 0 9 0 3 0 PINTYPE=BI
P 171 4318000 -7112000 3810000 -7112000 0 3 0
L 3733800 -7112000 228600 0 8 0 1 0 VDD_CPUFB
A 3962400 -7061200 203200 0 3 3 #=L8
A 0 0 9 0 3 0 PINTYPE=BI
P 172 4318000 -7366000 3810000 -7366000 0 3 0
L 3733800 -7366000 228600 0 8 0 1 0 VCC_DRAM_1
A 3962400 -7315200 203200 0 3 3 #=L9
A 0 0 9 0 3 0 PINTYPE=BI
P 173 4318000 -7620000 3810000 -7620000 0 3 0
L 3733800 -7620000 228600 0 8 0 1 0 VCC_DRAM_2
A 3962400 -7569200 203200 0 3 3 #=L10
A 0 0 9 0 3 0 PINTYPE=BI
P 174 4318000 -7874000 3810000 -7874000 0 3 0
L 3733800 -7874000 228600 0 8 0 1 0 VCC_DRAM_3
A 3962400 -7823200 203200 0 3 3 #=L11
A 0 0 9 0 3 0 PINTYPE=BI
P 175 4318000 -8128000 3810000 -8128000 0 3 0
L 3733800 -8128000 228600 0 8 0 1 0 VCC_DRAM_4
A 3962400 -8077200 203200 0 3 3 #=L12
A 0 0 9 0 3 0 PINTYPE=BI
P 176 4318000 -8382000 3810000 -8382000 0 3 0
L 3733800 -8382000 228600 0 8 0 1 0 VCC_DRAM_5
A 3962400 -8331200 203200 0 3 3 #=L13
A 0 0 9 0 3 0 PINTYPE=BI
P 177 4318000 -8636000 3810000 -8636000 0 3 0
L 3733800 -8636000 228600 0 8 0 1 0 VDD18_DRAM
A 3962400 -8585200 203200 0 3 3 #=L14
A 0 0 9 0 3 0 PINTYPE=BI
P 178 4318000 -8890000 3810000 -8890000 0 3 0
L 3733800 -8890000 228600 0 8 0 1 0 SZQ
A 3962400 -8839200 203200 0 3 3 #=L15
A 0 0 9 0 3 0 PINTYPE=BI
P 179 4318000 -9144000 3810000 -9144000 0 3 0
L 3733800 -9144000 228600 0 8 0 1 0 LRADC
A 3962400 -9093200 203200 0 3 3 #=L18
A 0 0 9 0 3 0 PINTYPE=BI
P 180 4318000 -9398000 3810000 -9398000 0 3 0
L 3733800 -9398000 228600 0 8 0 1 0 USB3_DM
A 3962400 -9347200 203200 0 3 3 #=L19
A 0 0 9 0 3 0 PINTYPE=BI
P 181 4318000 -9652000 3810000 -9652000 0 3 0
L 3733800 -9652000 228600 0 8 0 1 0 USB3_DP
A 3962400 -9601200 203200 0 3 3 #=L20
A 0 0 9 0 3 0 PINTYPE=BI
P 182 4318000 -9906000 3810000 -9906000 0 3 0
L 3733800 -9906000 228600 0 8 0 1 0 GND_32
A 3962400 -9855200 203200 0 3 3 #=L21
A 0 0 9 0 3 0 PINTYPE=BI
P 183 4318000 -10160000 3810000 -10160000 0 3 0
L 3733800 -10160000 228600 0 8 0 1 0 GND_33
A 3962400 -10109200 203200 0 3 3 #=M1
A 0 0 9 0 3 0 PINTYPE=BI
P 184 4318000 -10414000 3810000 -10414000 0 3 0
L 3733800 -10414000 228600 0 8 0 1 0 GND_34
A 3962400 -10363200 203200 0 3 3 #=M2
A 0 0 9 0 3 0 PINTYPE=BI
P 185 4318000 -10668000 3810000 -10668000 0 3 0
L 3733800 -10668000 228600 0 8 0 1 0 GND_35
A 3962400 -10617200 203200 0 3 3 #=M3
A 0 0 9 0 3 0 PINTYPE=BI
P 186 4318000 -10922000 3810000 -10922000 0 3 0
L 3733800 -10922000 228600 0 8 0 1 0 VCC_USB
A 3962400 -10871200 203200 0 3 3 #=M18
A 0 0 9 0 3 0 PINTYPE=BI
P 187 4318000 -11176000 3810000 -11176000 0 3 0
L 3733800 -11176000 228600 0 8 0 1 0 USB1_DM
A 3962400 -11125200 203200 0 3 3 #=M19
A 0 0 9 0 3 0 PINTYPE=BI
P 188 4318000 -11430000 3810000 -11430000 0 3 0
L 3733800 -11430000 228600 0 8 0 1 0 USB1_DP
A 3962400 -11379200 203200 0 3 3 #=M20
A 0 0 9 0 3 0 PINTYPE=BI
P 189 4318000 -11684000 3810000 -11684000 0 3 0
L 3733800 -11684000 228600 0 8 0 1 0 SDQ2
A 3962400 -11633200 203200 0 3 3 #=N2
A 0 0 9 0 3 0 PINTYPE=BI
P 190 4318000 -11938000 3810000 -11938000 0 3 0
L 3733800 -11938000 228600 0 8 0 1 0 SDQ0
A 3962400 -11887200 203200 0 3 3 #=N3
A 0 0 9 0 3 0 PINTYPE=BI
P 191 4318000 -12192000 3810000 -12192000 0 3 0
L 3733800 -12192000 228600 0 8 0 1 0 SDQ13
A 3962400 -12141200 203200 0 3 3 #=N4
A 0 0 9 0 3 0 PINTYPE=BI
P 192 4318000 -12446000 3810000 -12446000 0 3 0
L 3733800 -12446000 228600 0 8 0 1 0 SDQ15
A 3962400 -12395200 203200 0 3 3 #=N5
A 0 0 9 0 3 0 PINTYPE=BI
P 193 4318000 -12700000 3810000 -12700000 0 3 0
L 3733800 -12700000 228600 0 8 0 1 0 GND_36
A 3962400 -12649200 203200 0 3 3 #=N6
A 0 0 9 0 3 0 PINTYPE=BI
P 194 4318000 -12954000 3810000 -12954000 0 3 0
L 3733800 -12954000 228600 0 8 0 1 0 SDQ26
A 3962400 -12903200 203200 0 3 3 #=N7
A 0 0 9 0 3 0 PINTYPE=BI
P 195 4318000 -13208000 3810000 -13208000 0 3 0
L 3733800 -13208000 228600 0 8 0 1 0 GND_37
A 3962400 -13157200 203200 0 3 3 #=N9
A 0 0 9 0 3 0 PINTYPE=BI
P 196 4318000 -13462000 3810000 -13462000 0 3 0
L 3733800 -13462000 228600 0 8 0 1 0 SDQM3
A 3962400 -13411200 203200 0 3 3 #=N10
A 0 0 9 0 3 0 PINTYPE=BI
P 197 4318000 -13716000 3810000 -13716000 0 3 0
L 3733800 -13716000 228600 0 8 0 1 0 GND_38
A 3962400 -13665200 203200 0 3 3 #=N12
A 0 0 9 0 3 0 PINTYPE=BI
P 198 4318000 -13970000 3810000 -13970000 0 3 0
L 3733800 -13970000 228600 0 8 0 1 0 SA15
A 3962400 -13919200 203200 0 3 3 #=N13
A 0 0 9 0 3 0 PINTYPE=BI
P 199 4318000 -14224000 3810000 -14224000 0 3 0
L 3733800 -14224000 228600 0 8 0 1 0 GND_39
A 3962400 -14173200 203200 0 3 3 #=N15
A 0 0 9 0 3 0 PINTYPE=BI
P 200 4318000 -14478000 3810000 -14478000 0 3 0
L 3733800 -14478000 228600 0 8 0 1 0 SA9
A 3962400 -14427200 203200 0 3 3 #=N16
A 0 0 9 0 3 0 PINTYPE=BI
P 201 4318000 -14732000 3810000 -14732000 0 3 0
L 3733800 -14732000 228600 0 8 0 1 0 GND_40
A 3962400 -14681200 203200 0 3 3 #=N18
A 0 0 9 0 3 0 PINTYPE=BI
P 202 4318000 -14986000 3810000 -14986000 0 3 0
L 3733800 -14986000 228600 0 8 0 1 0 SA7
A 3962400 -14935200 203200 0 3 3 #=N19
A 0 0 9 0 3 0 PINTYPE=BI
P 203 4318000 -15240000 3810000 -15240000 0 3 0
L 3733800 -15240000 228600 0 8 0 1 0 SODT1
A 3962400 -15189200 203200 0 3 3 #=N20
A 0 0 9 0 3 0 PINTYPE=BI
P 204 4318000 -15494000 3810000 -15494000 0 3 0
L 3733800 -15494000 228600 0 8 0 1 0 SBA0
A 3962400 -15443200 203200 0 3 3 #=N21
A 0 0 9 0 3 0 PINTYPE=BI
P 205 4318000 -15748000 3810000 -15748000 0 3 0
L 3733800 -15748000 228600 0 8 0 1 0 SDQ5
A 3962400 -15697200 203200 0 3 3 #=P1
A 0 0 9 0 3 0 PINTYPE=BI
P 206 4318000 -16002000 3810000 -16002000 0 3 0
L 3733800 -16002000 228600 0 8 0 1 0 SDQ7
A 3962400 -15951200 203200 0 3 3 #=P2
A 0 0 9 0 3 0 PINTYPE=BI
P 207 4318000 -16256000 3810000 -16256000 0 3 0
L 3733800 -16256000 228600 0 8 0 1 0 GND_41
A 3962400 -16205200 203200 0 3 3 #=P3
A 0 0 9 0 3 0 PINTYPE=BI
P 208 4318000 -16510000 3810000 -16510000 0 3 0
L 3733800 -16510000 228600 0 8 0 1 0 SDQ10
A 3962400 -16459200 203200 0 3 3 #=P4
A 0 0 9 0 3 0 PINTYPE=BI
P 209 4318000 -16764000 3810000 -16764000 0 3 0
L 3733800 -16764000 228600 0 8 0 1 0 SDQ8
A 3962400 -16713200 203200 0 3 3 #=P5
A 0 0 9 0 3 0 PINTYPE=BI
P 210 4318000 -17018000 3810000 -17018000 0 3 0
L 3733800 -17018000 228600 0 8 0 1 0 SDQ14
A 3962400 -16967200 203200 0 3 3 #=P6
A 0 0 9 0 3 0 PINTYPE=BI
P 211 4318000 -17272000 3810000 -17272000 0 3 0
L 3733800 -17272000 228600 0 8 0 1 0 SDQ25
A 3962400 -17221200 203200 0 3 3 #=P7
A 0 0 9 0 3 0 PINTYPE=BI
P 212 4318000 -17526000 3810000 -17526000 0 3 0
L 3733800 -17526000 228600 0 8 0 1 0 SDQ27
A 3962400 -17475200 203200 0 3 3 #=P9
A 0 0 9 0 3 0 PINTYPE=BI
P 213 4318000 -17780000 3810000 -17780000 0 3 0
L 3733800 -17780000 228600 0 8 0 1 0 SDQ28
A 3962400 -17729200 203200 0 3 3 #=P10
A 0 0 9 0 3 0 PINTYPE=BI
P 214 4318000 -18034000 3810000 -18034000 0 3 0
L 3733800 -18034000 228600 0 8 0 1 0 SDQ30
A 3962400 -17983200 203200 0 3 3 #=P12
A 0 0 9 0 3 0 PINTYPE=BI
P 215 4318000 -18288000 3810000 -18288000 0 3 0
L 3733800 -18288000 228600 0 8 0 1 0 SCKE1
A 3962400 -18237200 203200 0 3 3 #=P13
A 0 0 9 0 3 0 PINTYPE=BI
P 216 4318000 -18542000 3810000 -18542000 0 3 0
L 3733800 -18542000 228600 0 8 0 1 0 SA5
A 3962400 -18491200 203200 0 3 3 #=P15
A 0 0 9 0 3 0 PINTYPE=BI
P 217 4318000 -18796000 3810000 -18796000 0 3 0
L 3733800 -18796000 228600 0 8 0 1 0 SA13
A 3962400 -18745200 203200 0 3 3 #=P16
A 0 0 9 0 3 0 PINTYPE=BI
P 218 4318000 -19050000 3810000 -19050000 0 3 0
L 3733800 -19050000 228600 0 8 0 1 0 SACT
A 3962400 -18999200 203200 0 3 3 #=P18
A 0 0 9 0 3 0 PINTYPE=BI
P 219 4318000 -19304000 3810000 -19304000 0 3 0
L 3733800 -19304000 228600 0 8 0 1 0 SBG0
A 3962400 -19253200 203200 0 3 3 #=P20
A 0 0 9 0 3 0 PINTYPE=BI
P 220 4318000 -19558000 3810000 -19558000 0 3 0
L 3733800 -19558000 228600 0 8 0 1 0 SBG1
A 3962400 -19507200 203200 0 3 3 #=P21
A 0 0 9 0 3 0 PINTYPE=BI
P 221 4318000 -19812000 3810000 -19812000 0 3 0
L 3733800 -19812000 228600 0 8 0 1 0 SDQS0N
A 3962400 -19761200 203200 0 3 3 #=R1
A 0 0 9 0 3 0 PINTYPE=BI
P 222 4318000 -20066000 3810000 -20066000 0 3 0
L 3733800 -20066000 228600 0 8 0 1 0 SDQS0P
A 3962400 -20015200 203200 0 3 3 #=R2
A 0 0 9 0 3 0 PINTYPE=BI
P 223 4318000 -20320000 3810000 -20320000 0 3 0
L 3733800 -20320000 228600 0 8 0 1 0 SDQM1
A 3962400 -20269200 203200 0 3 3 #=R3
A 0 0 9 0 3 0 PINTYPE=BI
P 224 4318000 -20574000 3810000 -20574000 0 3 0
L 3733800 -20574000 228600 0 8 0 1 0 SDQ11
A 3962400 -20523200 203200 0 3 3 #=R4
A 0 0 9 0 3 0 PINTYPE=BI
P 225 4318000 -20828000 3810000 -20828000 0 3 0
L 3733800 -20828000 228600 0 8 0 1 0 GND_42
A 3962400 -20777200 203200 0 3 3 #=R5
A 0 0 9 0 3 0 PINTYPE=BI
P 226 4318000 -21082000 3810000 -21082000 0 3 0
L 3733800 -21082000 228600 0 8 0 1 0 SDQ12
A 3962400 -21031200 203200 0 3 3 #=R6
A 0 0 9 0 3 0 PINTYPE=BI
P 227 4318000 -21336000 3810000 -21336000 0 3 0
L 3733800 -21336000 228600 0 8 0 1 0 SDQ24
A 3962400 -21285200 203200 0 3 3 #=R9
A 0 0 9 0 3 0 PINTYPE=BI
P 228 4318000 -21590000 3810000 -21590000 0 3 0
L 3733800 -21590000 228600 0 8 0 1 0 SDQ31
A 3962400 -21539200 203200 0 3 3 #=R12
A 0 0 9 0 3 0 PINTYPE=BI
P 229 4318000 -21844000 3810000 -21844000 0 3 0
L 3733800 -21844000 228600 0 8 0 1 0 SBA1
A 3962400 -21793200 203200 0 3 3 #=R15
A 0 0 9 0 3 0 PINTYPE=BI
P 230 4318000 -22098000 3810000 -22098000 0 3 0
L 3733800 -22098000 228600 0 8 0 1 0 SA4
A 3962400 -22047200 203200 0 3 3 #=R18
A 0 0 9 0 3 0 PINTYPE=BI
P 231 4318000 -22352000 3810000 -22352000 0 3 0
L 3733800 -22352000 228600 0 8 0 1 0 SA10
A 3962400 -22301200 203200 0 3 3 #=R19
A 0 0 9 0 3 0 PINTYPE=BI
P 232 4318000 -22606000 3810000 -22606000 0 3 0
L 3733800 -22606000 228600 0 8 0 1 0 SCS1
A 3962400 -22555200 203200 0 3 3 #=R20
A 0 0 9 0 3 0 PINTYPE=BI
P 233 4318000 -22860000 3810000 -22860000 0 3 0
L 3733800 -22860000 228600 0 8 0 1 0 GND_43
A 3962400 -22809200 203200 0 3 3 #=R21
A 0 0 9 0 3 0 PINTYPE=BI
P 234 4318000 -23114000 3810000 -23114000 0 3 0
L 3733800 -23114000 228600 0 8 0 1 0 GND_44
A 3962400 -23063200 203200 0 3 3 #=T1
A 0 0 9 0 3 0 PINTYPE=BI
P 235 4318000 -23368000 3810000 -23368000 0 3 0
L 3733800 -23368000 228600 0 8 0 1 0 SDQ6
A 3962400 -23317200 203200 0 3 3 #=T2
A 0 0 9 0 3 0 PINTYPE=BI
P 236 4318000 -23622000 3810000 -23622000 0 3 0
L 3733800 -23622000 228600 0 8 0 1 0 GND_45
A 3962400 -23571200 203200 0 3 3 #=T3
A 0 0 9 0 3 0 PINTYPE=BI
P 237 4318000 -23876000 3810000 -23876000 0 3 0
L 3733800 -23876000 228600 0 8 0 1 0 SDQ3
A 3962400 -23825200 203200 0 3 3 #=T4
A 0 0 9 0 3 0 PINTYPE=BI
P 238 4318000 -24130000 3810000 -24130000 0 3 0
L 3733800 -24130000 228600 0 8 0 1 0 SDQ23
A 3962400 -24079200 203200 0 3 3 #=T5
A 0 0 9 0 3 0 PINTYPE=BI
P 239 4318000 -24384000 3810000 -24384000 0 3 0
L 3733800 -24384000 228600 0 8 0 1 0 SDQ20
A 3962400 -24333200 203200 0 3 3 #=T6
A 0 0 9 0 3 0 PINTYPE=BI
P 240 4318000 -24638000 3810000 -24638000 0 3 0
L 3733800 -24638000 228600 0 8 0 1 0 SDQ22
A 3962400 -24587200 203200 0 3 3 #=T7
A 0 0 9 0 3 0 PINTYPE=BI
P 241 4318000 -24892000 3810000 -24892000 0 3 0
L 3733800 -24892000 228600 0 8 0 1 0 GND_46
A 3962400 -24841200 203200 0 3 3 #=T8
A 0 0 9 0 3 0 PINTYPE=BI
P 242 4318000 -25146000 3810000 -25146000 0 3 0
L 3733800 -25146000 228600 0 8 0 1 0 SDQM2
A 3962400 -25095200 203200 0 3 3 #=T9
A 0 0 9 0 3 0 PINTYPE=BI
P 243 4318000 -25400000 3810000 -25400000 0 3 0
L 3733800 -25400000 228600 0 8 0 1 0 GND_47
A 3962400 -25349200 203200 0 3 3 #=T10
A 0 0 9 0 3 0 PINTYPE=BI
P 244 4318000 -25654000 3810000 -25654000 0 3 0
L 3733800 -25654000 228600 0 8 0 1 0 SDQ16
A 3962400 -25603200 203200 0 3 3 #=T11
A 0 0 9 0 3 0 PINTYPE=BI
P 245 4318000 -25908000 3810000 -25908000 0 3 0
L 3733800 -25908000 228600 0 8 0 1 0 SDQ18
A 3962400 -25857200 203200 0 3 3 #=T12
A 0 0 9 0 3 0 PINTYPE=BI
P 246 4318000 -26162000 3810000 -26162000 0 3 0
L 3733800 -26162000 228600 0 8 0 1 0 SCKP
A 3962400 -26111200 203200 0 3 3 #=T14
A 0 0 9 0 3 0 PINTYPE=BI
P 247 4318000 -26416000 3810000 -26416000 0 3 0
L 3733800 -26416000 228600 0 8 0 1 0 GND_48
A 3962400 -26365200 203200 0 3 3 #=T15
A 0 0 9 0 3 0 PINTYPE=BI
P 248 4318000 -26670000 3810000 -26670000 0 3 0
L 3733800 -26670000 228600 0 8 0 1 0 SA3
A 3962400 -26619200 203200 0 3 3 #=T16
A 0 0 9 0 3 0 PINTYPE=BI
P 249 4318000 -26924000 3810000 -26924000 0 3 0
L 3733800 -26924000 228600 0 8 0 1 0 GND_49
A 3962400 -26873200 203200 0 3 3 #=T17
A 0 0 9 0 3 0 PINTYPE=BI
P 250 4318000 -27178000 3810000 -27178000 0 3 0
L 3733800 -27178000 228600 0 8 0 1 0 SA2
A 3962400 -27127200 203200 0 3 3 #=T18
A 0 0 9 0 3 0 PINTYPE=BI
P 251 4318000 -27432000 3810000 -27432000 0 3 0
L 3733800 -27432000 228600 0 8 0 1 0 SODT0
A 3962400 -27381200 203200 0 3 3 #=T20
A 0 0 9 0 3 0 PINTYPE=BI
P 252 4318000 -27686000 3810000 -27686000 0 3 0
L 3733800 -27686000 228600 0 8 0 1 0 SA0
A 3962400 -27635200 203200 0 3 3 #=T21
A 0 0 9 0 3 0 PINTYPE=BI
P 253 4318000 -27940000 3810000 -27940000 0 3 0
L 3733800 -27940000 228600 0 8 0 1 0 SDQM0
A 3962400 -27889200 203200 0 3 3 #=U1
A 0 0 9 0 3 0 PINTYPE=BI
P 254 4318000 -28194000 3810000 -28194000 0 3 0
L 3733800 -28194000 228600 0 8 0 1 0 SDQS1P
A 3962400 -28143200 203200 0 3 3 #=U2
A 0 0 9 0 3 0 PINTYPE=BI
P 255 4318000 -28448000 3810000 -28448000 0 3 0
L 3733800 -28448000 228600 0 8 0 1 0 SDQ4
A 3962400 -28397200 203200 0 3 3 #=U3
A 0 0 9 0 3 0 PINTYPE=BI
P 256 4318000 -28702000 3810000 -28702000 0 3 0
L 3733800 -28702000 228600 0 8 0 1 0 SDQ1
A 3962400 -28651200 203200 0 3 3 #=U4
A 0 0 9 0 3 0 PINTYPE=BI
P 257 4318000 -28956000 3810000 -28956000 0 3 0
L 3733800 -28956000 228600 0 8 0 1 0 SDQ21
A 3962400 -28905200 203200 0 3 3 #=U5
A 0 0 9 0 3 0 PINTYPE=BI
P 258 4318000 -29210000 3810000 -29210000 0 3 0
L 3733800 -29210000 228600 0 8 0 1 0 GND_50
A 3962400 -29159200 203200 0 3 3 #=U6
A 0 0 9 0 3 0 PINTYPE=BI
P 259 4318000 -29464000 3810000 -29464000 0 3 0
L 3733800 -29464000 228600 0 8 0 1 0 SDQS2N
A 3962400 -29413200 203200 0 3 3 #=U8
A 0 0 9 0 3 0 PINTYPE=BI
P 260 4318000 -29718000 3810000 -29718000 0 3 0
L 3733800 -29718000 228600 0 8 0 1 0 SDQ19
A 3962400 -29667200 203200 0 3 3 #=U9
A 0 0 9 0 3 0 PINTYPE=BI
P 261 4318000 -29972000 3810000 -29972000 0 3 0
L 3733800 -29972000 228600 0 8 0 1 0 SDQS3N
A 3962400 -29921200 203200 0 3 3 #=U10
A 0 0 9 0 3 0 PINTYPE=BI
P 262 4318000 -30226000 3810000 -30226000 0 3 0
L 3733800 -30226000 228600 0 8 0 1 0 SDQ29
A 3962400 -30175200 203200 0 3 3 #=U11
A 0 0 9 0 3 0 PINTYPE=BI
P 263 4318000 -30480000 3810000 -30480000 0 3 0
L 3733800 -30480000 228600 0 8 0 1 0 SDQ17
A 3962400 -30429200 203200 0 3 3 #=U12
A 0 0 9 0 3 0 PINTYPE=BI
P 264 4318000 -30734000 3810000 -30734000 0 3 0
L 3733800 -30734000 228600 0 8 0 1 0 GND_51
A 3962400 -30683200 203200 0 3 3 #=U13
A 0 0 9 0 3 0 PINTYPE=BI
P 265 4318000 -30988000 3810000 -30988000 0 3 0
L 3733800 -30988000 228600 0 8 0 1 0 SCKN
A 3962400 -30937200 203200 0 3 3 #=U14
A 0 0 9 0 3 0 PINTYPE=BI
P 266 4318000 -31242000 3810000 -31242000 0 3 0
L 3733800 -31242000 228600 0 8 0 1 0 SA11
A 3962400 -31191200 203200 0 3 3 #=U15
A 0 0 9 0 3 0 PINTYPE=BI
P 267 4318000 -31496000 3810000 -31496000 0 3 0
L 3733800 -31496000 228600 0 8 0 1 0 SA12
A 3962400 -31445200 203200 0 3 3 #=U16
A 0 0 9 0 3 0 PINTYPE=BI
P 268 4318000 -31750000 3810000 -31750000 0 3 0
L 3733800 -31750000 228600 0 8 0 1 0 SA1
A 3962400 -31699200 203200 0 3 3 #=U17
A 0 0 9 0 3 0 PINTYPE=BI
P 269 4318000 -32004000 3810000 -32004000 0 3 0
L 3733800 -32004000 228600 0 8 0 1 0 SA16
A 3962400 -31953200 203200 0 3 3 #=U18
A 0 0 9 0 3 0 PINTYPE=BI
P 270 4318000 -32258000 3810000 -32258000 0 3 0
L 3733800 -32258000 228600 0 8 0 1 0 SA8
A 3962400 -32207200 203200 0 3 3 #=U19
A 0 0 9 0 3 0 PINTYPE=BI
P 271 4318000 -32512000 3810000 -32512000 0 3 0
L 3733800 -32512000 228600 0 8 0 1 0 SA6
A 3962400 -32461200 203200 0 3 3 #=U20
A 0 0 9 0 3 0 PINTYPE=BI
P 272 4318000 -32766000 3810000 -32766000 0 3 0
L 3733800 -32766000 228600 0 8 0 1 0 SRST
A 3962400 -32715200 203200 0 3 3 #=U21
A 0 0 9 0 3 0 PINTYPE=BI
P 273 4318000 -33020000 3810000 -33020000 0 3 0
L 3733800 -33020000 228600 0 8 0 1 0 GND_52
A 3962400 -32969200 203200 0 3 3 #=V1
A 0 0 9 0 3 0 PINTYPE=BI
P 274 4318000 -33274000 3810000 -33274000 0 3 0
L 3733800 -33274000 228600 0 8 0 1 0 SDQS1N
A 3962400 -33223200 203200 0 3 3 #=V2
A 0 0 9 0 3 0 PINTYPE=BI
P 275 4318000 -33528000 3810000 -33528000 0 3 0
L 3733800 -33528000 228600 0 8 0 1 0 SDQ9
A 3962400 -33477200 203200 0 3 3 #=V3
A 0 0 9 0 3 0 PINTYPE=BI
P 276 4318000 -33782000 3810000 -33782000 0 3 0
L 3733800 -33782000 228600 0 8 0 1 0 GND_53
A 3962400 -33731200 203200 0 3 3 #=V5
A 0 0 9 0 3 0 PINTYPE=BI
P 277 4318000 -34036000 3810000 -34036000 0 3 0
L 3733800 -34036000 228600 0 8 0 1 0 SDQS2P
A 3962400 -33985200 203200 0 3 3 #=V8
A 0 0 9 0 3 0 PINTYPE=BI
P 278 4318000 -34290000 3810000 -34290000 0 3 0
L 3733800 -34290000 228600 0 8 0 1 0 SDQS3P
A 3962400 -34239200 203200 0 3 3 #=V10
A 0 0 9 0 3 0 PINTYPE=BI
P 279 4318000 -34544000 3810000 -34544000 0 3 0
L 3733800 -34544000 228600 0 8 0 1 0 GND_54
A 3962400 -34493200 203200 0 3 3 #=V12
A 0 0 9 0 3 0 PINTYPE=BI
P 280 4318000 -34798000 3810000 -34798000 0 3 0
L 3733800 -34798000 228600 0 8 0 1 0 SCKE0
A 3962400 -34747200 203200 0 3 3 #=V15
A 0 0 9 0 3 0 PINTYPE=BI
P 281 4318000 -35052000 3810000 -35052000 0 3 0
L 3733800 -35052000 228600 0 8 0 1 0 SCS0
A 3962400 -35001200 203200 0 3 3 #=V17
A 0 0 9 0 3 0 PINTYPE=BI
P 282 4318000 -35306000 3810000 -35306000 0 3 0
L 3733800 -35306000 228600 0 8 0 1 0 GND_55
A 3962400 -35255200 203200 0 3 3 #=V19
A 0 0 9 0 3 0 PINTYPE=BI
P 283 4318000 -35560000 3810000 -35560000 0 3 0
L 3733800 -35560000 228600 0 8 0 1 0 SA14
A 3962400 -35509200 203200 0 3 3 #=V20
A 0 0 9 0 3 0 PINTYPE=BI
P 284 4318000 -35814000 3810000 -35814000 0 3 0
L 3733800 -35814000 228600 0 8 0 1 0 GND_56
A 3962400 -35763200 203200 0 3 3 #=V21
A 0 0 9 0 3 0 PINTYPE=BI
E
