V 54
K 1
D 0 -7874000 7874000 2032000
Y 1
U 7493000 2032000 254000 0 2 3 REFDES=IC?
U 7493000 1778000 254000 0 2 3 DEVICE=TFP401PZP
U 7493000 1524000 254000 0 2 0 PKG_TYPE=QFP50P1600X1600X120-101N
U 7493000 1270000 254000 0 2 0 Description=165-MHz TMDS DVI receiver/deserializer & Panelbus integrated circuit
U 7493000 1016000 254000 0 2 0 Datasheet Link=http://www.ti.com/lit/gpn/tfp401
U 7493000 762000 254000 0 2 0 Height=1.2
U 7493000 508000 254000 0 2 0 Manufacturer_Name=Texas Instruments
U 7493000 254000 254000 0 2 0 Manufacturer_Part_Number=TFP401PZP
U 7493000 0 254000 0 2 0 Mouser Part Number=595-TFP401PZP
U 7493000 -254000 254000 0 2 0 Mouser Price/Stock=https://www.mouser.co.uk/ProductDetail/Texas-Instruments/TFP401PZP?qs=bvCpHSZmQjmzyJ9p8ABYPA%3D%3D
U 7493000 -508000 254000 0 2 0 Arrow Part Number=TFP401PZP
U 7493000 -762000 254000 0 2 0 Arrow Price/Stock=https://www.arrow.com/en/products/tfp401pzp/texas-instruments?utm_currency=USD&region=nac
U 0 0 254000 0 1 0 FORWARD_PCB=1
l 5 508000 1524000 7366000 1524000 7366000 -7366000 508000 -7366000 508000 1524000
|GRPHSTL -1 -1 -1 1
P 1 0 0 508000 0 0 2 0
L 584200 0 228600 0 2 0 1 0 DFO
A 355600 50800 203200 0 9 3 #=1
A 0 0 9 0 3 0 PINTYPE=BI
P 2 0 -254000 508000 -254000 0 2 0
L 584200 -254000 228600 0 2 0 1 0 ~PD
A 355600 -203200 203200 0 9 3 #=2
A 0 0 9 0 3 0 PINTYPE=BI
P 3 0 -508000 508000 -508000 0 2 0
L 584200 -508000 228600 0 2 0 1 0 ST
A 355600 -457200 203200 0 9 3 #=3
A 0 0 9 0 3 0 PINTYPE=BI
P 4 0 -762000 508000 -762000 0 2 0
L 584200 -762000 228600 0 2 0 1 0 PIXS
A 355600 -711200 203200 0 9 3 #=4
A 0 0 9 0 3 0 PINTYPE=BI
P 5 0 -1016000 508000 -1016000 0 2 0
L 584200 -1016000 228600 0 2 0 1 0 GND_1
A 355600 -965200 203200 0 9 3 #=5
A 0 0 9 0 3 0 PINTYPE=BI
P 6 0 -1270000 508000 -1270000 0 2 0
L 584200 -1270000 228600 0 2 0 1 0 DVDD_1
A 355600 -1219200 203200 0 9 3 #=6
A 0 0 9 0 3 0 PINTYPE=BI
P 7 0 -1524000 508000 -1524000 0 2 0
L 584200 -1524000 228600 0 2 0 1 0 ~STAG
A 355600 -1473200 203200 0 9 3 #=7
A 0 0 9 0 3 0 PINTYPE=BI
P 8 0 -1778000 508000 -1778000 0 2 0
L 584200 -1778000 228600 0 2 0 1 0 SCDT
A 355600 -1727200 203200 0 9 3 #=8
A 0 0 9 0 3 0 PINTYPE=BI
P 9 0 -2032000 508000 -2032000 0 2 0
L 584200 -2032000 228600 0 2 0 1 0 ~PDO
A 355600 -1981200 203200 0 9 3 #=9
A 0 0 9 0 3 0 PINTYPE=BI
P 10 0 -2286000 508000 -2286000 0 2 0
L 584200 -2286000 228600 0 2 0 1 0 QE0
A 355600 -2235200 203200 0 9 3 #=10
A 0 0 9 0 3 0 PINTYPE=BI
P 11 0 -2540000 508000 -2540000 0 2 0
L 584200 -2540000 228600 0 2 0 1 0 QE1
A 355600 -2489200 203200 0 9 3 #=11
A 0 0 9 0 3 0 PINTYPE=BI
P 12 0 -2794000 508000 -2794000 0 2 0
L 584200 -2794000 228600 0 2 0 1 0 QE2
A 355600 -2743200 203200 0 9 3 #=12
A 0 0 9 0 3 0 PINTYPE=BI
P 13 0 -3048000 508000 -3048000 0 2 0
L 584200 -3048000 228600 0 2 0 1 0 QE3
A 355600 -2997200 203200 0 9 3 #=13
A 0 0 9 0 3 0 PINTYPE=BI
P 14 0 -3302000 508000 -3302000 0 2 0
L 584200 -3302000 228600 0 2 0 1 0 QE4
A 355600 -3251200 203200 0 9 3 #=14
A 0 0 9 0 3 0 PINTYPE=BI
P 15 0 -3556000 508000 -3556000 0 2 0
L 584200 -3556000 228600 0 2 0 1 0 QE5
A 355600 -3505200 203200 0 9 3 #=15
A 0 0 9 0 3 0 PINTYPE=BI
P 16 0 -3810000 508000 -3810000 0 2 0
L 584200 -3810000 228600 0 2 0 1 0 QE6
A 355600 -3759200 203200 0 9 3 #=16
A 0 0 9 0 3 0 PINTYPE=BI
P 17 0 -4064000 508000 -4064000 0 2 0
L 584200 -4064000 228600 0 2 0 1 0 QE7
A 355600 -4013200 203200 0 9 3 #=17
A 0 0 9 0 3 0 PINTYPE=BI
P 18 0 -4318000 508000 -4318000 0 2 0
L 584200 -4318000 228600 0 2 0 1 0 OVDD_1
A 355600 -4267200 203200 0 9 3 #=18
A 0 0 9 0 3 0 PINTYPE=BI
P 19 0 -4572000 508000 -4572000 0 2 0
L 584200 -4572000 228600 0 2 0 1 0 OGND_1
A 355600 -4521200 203200 0 9 3 #=19
A 0 0 9 0 3 0 PINTYPE=BI
P 20 0 -4826000 508000 -4826000 0 2 0
L 584200 -4826000 228600 0 2 0 1 0 QE8
A 355600 -4775200 203200 0 9 3 #=20
A 0 0 9 0 3 0 PINTYPE=BI
P 21 0 -5080000 508000 -5080000 0 2 0
L 584200 -5080000 228600 0 2 0 1 0 QE9
A 355600 -5029200 203200 0 9 3 #=21
A 0 0 9 0 3 0 PINTYPE=BI
P 22 0 -5334000 508000 -5334000 0 2 0
L 584200 -5334000 228600 0 2 0 1 0 QE10
A 355600 -5283200 203200 0 9 3 #=22
A 0 0 9 0 3 0 PINTYPE=BI
P 23 0 -5588000 508000 -5588000 0 2 0
L 584200 -5588000 228600 0 2 0 1 0 QE11
A 355600 -5537200 203200 0 9 3 #=23
A 0 0 9 0 3 0 PINTYPE=BI
P 24 0 -5842000 508000 -5842000 0 2 0
L 584200 -5842000 228600 0 2 0 1 0 QE12
A 355600 -5791200 203200 0 9 3 #=24
A 0 0 9 0 3 0 PINTYPE=BI
P 25 0 -6096000 508000 -6096000 0 2 0
L 584200 -6096000 228600 0 2 0 1 0 QE13
A 355600 -6045200 203200 0 9 3 #=25
A 0 0 9 0 3 0 PINTYPE=BI
P 26 762000 -7874000 762000 -7366000 0 1 0
L 762000 -7289800 228600 1 2 0 1 0 QE14
A 711200 -7518400 203200 1 9 3 #=26
A 0 0 9 0 3 0 PINTYPE=BI
P 27 1016000 -7874000 1016000 -7366000 0 1 0
L 1016000 -7289800 228600 1 2 0 1 0 QE15
A 965200 -7518400 203200 1 9 3 #=27
A 0 0 9 0 3 0 PINTYPE=BI
P 28 1270000 -7874000 1270000 -7366000 0 1 0
L 1270000 -7289800 228600 1 2 0 1 0 OGND_2
A 1219200 -7518400 203200 1 9 3 #=28
A 0 0 9 0 3 0 PINTYPE=BI
P 29 1524000 -7874000 1524000 -7366000 0 1 0
L 1524000 -7289800 228600 1 2 0 1 0 OVDD_2
A 1473200 -7518400 203200 1 9 3 #=29
A 0 0 9 0 3 0 PINTYPE=BI
P 30 1778000 -7874000 1778000 -7366000 0 1 0
L 1778000 -7289800 228600 1 2 0 1 0 QE16
A 1727200 -7518400 203200 1 9 3 #=30
A 0 0 9 0 3 0 PINTYPE=BI
P 31 2032000 -7874000 2032000 -7366000 0 1 0
L 2032000 -7289800 228600 1 2 0 1 0 QE17
A 1981200 -7518400 203200 1 9 3 #=31
A 0 0 9 0 3 0 PINTYPE=BI
P 32 2286000 -7874000 2286000 -7366000 0 1 0
L 2286000 -7289800 228600 1 2 0 1 0 QE18
A 2235200 -7518400 203200 1 9 3 #=32
A 0 0 9 0 3 0 PINTYPE=BI
P 33 2540000 -7874000 2540000 -7366000 0 1 0
L 2540000 -7289800 228600 1 2 0 1 0 QE19
A 2489200 -7518400 203200 1 9 3 #=33
A 0 0 9 0 3 0 PINTYPE=BI
P 34 2794000 -7874000 2794000 -7366000 0 1 0
L 2794000 -7289800 228600 1 2 0 1 0 QE20
A 2743200 -7518400 203200 1 9 3 #=34
A 0 0 9 0 3 0 PINTYPE=BI
P 35 3048000 -7874000 3048000 -7366000 0 1 0
L 3048000 -7289800 228600 1 2 0 1 0 QE21
A 2997200 -7518400 203200 1 9 3 #=35
A 0 0 9 0 3 0 PINTYPE=BI
P 36 3302000 -7874000 3302000 -7366000 0 1 0
L 3302000 -7289800 228600 1 2 0 1 0 QE22
A 3251200 -7518400 203200 1 9 3 #=36
A 0 0 9 0 3 0 PINTYPE=BI
P 37 3556000 -7874000 3556000 -7366000 0 1 0
L 3556000 -7289800 228600 1 2 0 1 0 QE23
A 3505200 -7518400 203200 1 9 3 #=37
A 0 0 9 0 3 0 PINTYPE=BI
P 38 3810000 -7874000 3810000 -7366000 0 1 0
L 3810000 -7289800 228600 1 2 0 1 0 DVDD_2
A 3759200 -7518400 203200 1 9 3 #=38
A 0 0 9 0 3 0 PINTYPE=BI
P 39 4064000 -7874000 4064000 -7366000 0 1 0
L 4064000 -7289800 228600 1 2 0 1 0 GND_2
A 4013200 -7518400 203200 1 9 3 #=39
A 0 0 9 0 3 0 PINTYPE=BI
P 40 4318000 -7874000 4318000 -7366000 0 1 0
L 4318000 -7289800 228600 1 2 0 1 0 CTL1
A 4267200 -7518400 203200 1 9 3 #=40
A 0 0 9 0 3 0 PINTYPE=BI
P 41 4572000 -7874000 4572000 -7366000 0 1 0
L 4572000 -7289800 228600 1 2 0 1 0 CTL2
A 4521200 -7518400 203200 1 9 3 #=41
A 0 0 9 0 3 0 PINTYPE=BI
P 42 4826000 -7874000 4826000 -7366000 0 1 0
L 4826000 -7289800 228600 1 2 0 1 0 CTL3
A 4775200 -7518400 203200 1 9 3 #=42
A 0 0 9 0 3 0 PINTYPE=BI
P 43 5080000 -7874000 5080000 -7366000 0 1 0
L 5080000 -7289800 228600 1 2 0 1 0 OVDD_3
A 5029200 -7518400 203200 1 9 3 #=43
A 0 0 9 0 3 0 PINTYPE=BI
P 44 5334000 -7874000 5334000 -7366000 0 1 0
L 5334000 -7289800 228600 1 2 0 1 0 ODCK
A 5283200 -7518400 203200 1 9 3 #=44
A 0 0 9 0 3 0 PINTYPE=BI
P 45 5588000 -7874000 5588000 -7366000 0 1 0
L 5588000 -7289800 228600 1 2 0 1 0 OGND_3
A 5537200 -7518400 203200 1 9 3 #=45
A 0 0 9 0 3 0 PINTYPE=BI
P 46 5842000 -7874000 5842000 -7366000 0 1 0
L 5842000 -7289800 228600 1 2 0 1 0 DE
A 5791200 -7518400 203200 1 9 3 #=46
A 0 0 9 0 3 0 PINTYPE=BI
P 47 6096000 -7874000 6096000 -7366000 0 1 0
L 6096000 -7289800 228600 1 2 0 1 0 VSYNC
A 6045200 -7518400 203200 1 9 3 #=47
A 0 0 9 0 3 0 PINTYPE=BI
P 48 6350000 -7874000 6350000 -7366000 0 1 0
L 6350000 -7289800 228600 1 2 0 1 0 HSYNC
A 6299200 -7518400 203200 1 9 3 #=48
A 0 0 9 0 3 0 PINTYPE=BI
P 49 6604000 -7874000 6604000 -7366000 0 1 0
L 6604000 -7289800 228600 1 2 0 1 0 QO0
A 6553200 -7518400 203200 1 9 3 #=49
A 0 0 9 0 3 0 PINTYPE=BI
P 50 6858000 -7874000 6858000 -7366000 0 1 0
L 6858000 -7289800 228600 1 2 0 1 0 QO1
A 6807200 -7518400 203200 1 9 3 #=50
A 0 0 9 0 3 0 PINTYPE=BI
P 51 7874000 0 7366000 0 0 3 0
L 7289800 0 228600 0 8 0 1 0 QO22
A 7518400 50800 203200 0 3 3 #=75
A 0 0 9 0 3 0 PINTYPE=BI
P 52 7874000 -254000 7366000 -254000 0 3 0
L 7289800 -254000 228600 0 8 0 1 0 QO21
A 7518400 -203200 203200 0 3 3 #=74
A 0 0 9 0 3 0 PINTYPE=BI
P 53 7874000 -508000 7366000 -508000 0 3 0
L 7289800 -508000 228600 0 8 0 1 0 QO20
A 7518400 -457200 203200 0 3 3 #=73
A 0 0 9 0 3 0 PINTYPE=BI
P 54 7874000 -762000 7366000 -762000 0 3 0
L 7289800 -762000 228600 0 8 0 1 0 QO19
A 7518400 -711200 203200 0 3 3 #=72
A 0 0 9 0 3 0 PINTYPE=BI
P 55 7874000 -1016000 7366000 -1016000 0 3 0
L 7289800 -1016000 228600 0 8 0 1 0 QO18
A 7518400 -965200 203200 0 3 3 #=71
A 0 0 9 0 3 0 PINTYPE=BI
P 56 7874000 -1270000 7366000 -1270000 0 3 0
L 7289800 -1270000 228600 0 8 0 1 0 QO17
A 7518400 -1219200 203200 0 3 3 #=70
A 0 0 9 0 3 0 PINTYPE=BI
P 57 7874000 -1524000 7366000 -1524000 0 3 0
L 7289800 -1524000 228600 0 8 0 1 0 QO16
A 7518400 -1473200 203200 0 3 3 #=69
A 0 0 9 0 3 0 PINTYPE=BI
P 58 7874000 -1778000 7366000 -1778000 0 3 0
L 7289800 -1778000 228600 0 8 0 1 0 GND_3
A 7518400 -1727200 203200 0 3 3 #=68
A 0 0 9 0 3 0 PINTYPE=BI
P 59 7874000 -2032000 7366000 -2032000 0 3 0
L 7289800 -2032000 228600 0 8 0 1 0 DVDD_3
A 7518400 -1981200 203200 0 3 3 #=67
A 0 0 9 0 3 0 PINTYPE=BI
P 60 7874000 -2286000 7366000 -2286000 0 3 0
L 7289800 -2286000 228600 0 8 0 1 0 QO15
A 7518400 -2235200 203200 0 3 3 #=66
A 0 0 9 0 3 0 PINTYPE=BI
P 61 7874000 -2540000 7366000 -2540000 0 3 0
L 7289800 -2540000 228600 0 8 0 1 0 QO14
A 7518400 -2489200 203200 0 3 3 #=65
A 0 0 9 0 3 0 PINTYPE=BI
P 62 7874000 -2794000 7366000 -2794000 0 3 0
L 7289800 -2794000 228600 0 8 0 1 0 QO13
A 7518400 -2743200 203200 0 3 3 #=64
A 0 0 9 0 3 0 PINTYPE=BI
P 63 7874000 -3048000 7366000 -3048000 0 3 0
L 7289800 -3048000 228600 0 8 0 1 0 QO12
A 7518400 -2997200 203200 0 3 3 #=63
A 0 0 9 0 3 0 PINTYPE=BI
P 64 7874000 -3302000 7366000 -3302000 0 3 0
L 7289800 -3302000 228600 0 8 0 1 0 QO11
A 7518400 -3251200 203200 0 3 3 #=62
A 0 0 9 0 3 0 PINTYPE=BI
P 65 7874000 -3556000 7366000 -3556000 0 3 0
L 7289800 -3556000 228600 0 8 0 1 0 QO10
A 7518400 -3505200 203200 0 3 3 #=61
A 0 0 9 0 3 0 PINTYPE=BI
P 66 7874000 -3810000 7366000 -3810000 0 3 0
L 7289800 -3810000 228600 0 8 0 1 0 QO9
A 7518400 -3759200 203200 0 3 3 #=60
A 0 0 9 0 3 0 PINTYPE=BI
P 67 7874000 -4064000 7366000 -4064000 0 3 0
L 7289800 -4064000 228600 0 8 0 1 0 QO8
A 7518400 -4013200 203200 0 3 3 #=59
A 0 0 9 0 3 0 PINTYPE=BI
P 68 7874000 -4318000 7366000 -4318000 0 3 0
L 7289800 -4318000 228600 0 8 0 1 0 OGND_4
A 7518400 -4267200 203200 0 3 3 #=58
A 0 0 9 0 3 0 PINTYPE=BI
P 69 7874000 -4572000 7366000 -4572000 0 3 0
L 7289800 -4572000 228600 0 8 0 1 0 OVDD_4
A 7518400 -4521200 203200 0 3 3 #=57
A 0 0 9 0 3 0 PINTYPE=BI
P 70 7874000 -4826000 7366000 -4826000 0 3 0
L 7289800 -4826000 228600 0 8 0 1 0 QO7
A 7518400 -4775200 203200 0 3 3 #=56
A 0 0 9 0 3 0 PINTYPE=BI
P 71 7874000 -5080000 7366000 -5080000 0 3 0
L 7289800 -5080000 228600 0 8 0 1 0 QO6
A 7518400 -5029200 203200 0 3 3 #=55
A 0 0 9 0 3 0 PINTYPE=BI
P 72 7874000 -5334000 7366000 -5334000 0 3 0
L 7289800 -5334000 228600 0 8 0 1 0 QO5
A 7518400 -5283200 203200 0 3 3 #=54
A 0 0 9 0 3 0 PINTYPE=BI
P 73 7874000 -5588000 7366000 -5588000 0 3 0
L 7289800 -5588000 228600 0 8 0 1 0 QO4
A 7518400 -5537200 203200 0 3 3 #=53
A 0 0 9 0 3 0 PINTYPE=BI
P 74 7874000 -5842000 7366000 -5842000 0 3 0
L 7289800 -5842000 228600 0 8 0 1 0 QO3
A 7518400 -5791200 203200 0 3 3 #=52
A 0 0 9 0 3 0 PINTYPE=BI
P 75 7874000 -6096000 7366000 -6096000 0 3 0
L 7289800 -6096000 228600 0 8 0 1 0 QO2
A 7518400 -6045200 203200 0 3 3 #=51
A 0 0 9 0 3 0 PINTYPE=BI
P 76 762000 2032000 762000 1524000 0 0 0
L 762000 1447800 228600 1 8 0 1 0 EP
A 711200 1676400 203200 1 3 3 #=101
A 0 0 9 0 3 0 PINTYPE=BI
P 77 1016000 2032000 1016000 1524000 0 0 0
L 1016000 1447800 228600 1 8 0 1 0 OCK_INV
A 965200 1676400 203200 1 3 3 #=100
A 0 0 9 0 3 0 PINTYPE=BI
P 78 1270000 2032000 1270000 1524000 0 0 0
L 1270000 1447800 228600 1 8 0 1 0 RSVD
A 1219200 1676400 203200 1 3 3 #=99
A 0 0 9 0 3 0 PINTYPE=BI
P 79 1524000 2032000 1524000 1524000 0 0 0
L 1524000 1447800 228600 1 8 0 1 0 PGND
A 1473200 1676400 203200 1 3 3 #=98
A 0 0 9 0 3 0 PINTYPE=BI
P 80 1778000 2032000 1778000 1524000 0 0 0
L 1778000 1447800 228600 1 8 0 1 0 PVDD
A 1727200 1676400 203200 1 3 3 #=97
A 0 0 9 0 3 0 PINTYPE=BI
P 81 2032000 2032000 2032000 1524000 0 0 0
L 2032000 1447800 228600 1 8 0 1 0 EXT_RES
A 1981200 1676400 203200 1 3 3 #=96
A 0 0 9 0 3 0 PINTYPE=BI
P 82 2286000 2032000 2286000 1524000 0 0 0
L 2286000 1447800 228600 1 8 0 1 0 AVDD_4
A 2235200 1676400 203200 1 3 3 #=95
A 0 0 9 0 3 0 PINTYPE=BI
P 83 2540000 2032000 2540000 1524000 0 0 0
L 2540000 1447800 228600 1 8 0 1 0 RXC-
A 2489200 1676400 203200 1 3 3 #=94
A 0 0 9 0 3 0 PINTYPE=BI
P 84 2794000 2032000 2794000 1524000 0 0 0
L 2794000 1447800 228600 1 8 0 1 0 RXC+
A 2743200 1676400 203200 1 3 3 #=93
A 0 0 9 0 3 0 PINTYPE=BI
P 85 3048000 2032000 3048000 1524000 0 0 0
L 3048000 1447800 228600 1 8 0 1 0 AGND_5
A 2997200 1676400 203200 1 3 3 #=92
A 0 0 9 0 3 0 PINTYPE=BI
P 86 3302000 2032000 3302000 1524000 0 0 0
L 3302000 1447800 228600 1 8 0 1 0 RX0-
A 3251200 1676400 203200 1 3 3 #=91
A 0 0 9 0 3 0 PINTYPE=BI
P 87 3556000 2032000 3556000 1524000 0 0 0
L 3556000 1447800 228600 1 8 0 1 0 RX0+
A 3505200 1676400 203200 1 3 3 #=90
A 0 0 9 0 3 0 PINTYPE=BI
P 88 3810000 2032000 3810000 1524000 0 0 0
L 3810000 1447800 228600 1 8 0 1 0 AGND_4
A 3759200 1676400 203200 1 3 3 #=89
A 0 0 9 0 3 0 PINTYPE=BI
P 89 4064000 2032000 4064000 1524000 0 0 0
L 4064000 1447800 228600 1 8 0 1 0 AVDD_3
A 4013200 1676400 203200 1 3 3 #=88
A 0 0 9 0 3 0 PINTYPE=BI
P 90 4318000 2032000 4318000 1524000 0 0 0
L 4318000 1447800 228600 1 8 0 1 0 AGND_3
A 4267200 1676400 203200 1 3 3 #=87
A 0 0 9 0 3 0 PINTYPE=BI
P 91 4572000 2032000 4572000 1524000 0 0 0
L 4572000 1447800 228600 1 8 0 1 0 RX1-
A 4521200 1676400 203200 1 3 3 #=86
A 0 0 9 0 3 0 PINTYPE=BI
P 92 4826000 2032000 4826000 1524000 0 0 0
L 4826000 1447800 228600 1 8 0 1 0 RX1+
A 4775200 1676400 203200 1 3 3 #=85
A 0 0 9 0 3 0 PINTYPE=BI
P 93 5080000 2032000 5080000 1524000 0 0 0
L 5080000 1447800 228600 1 8 0 1 0 AVDD_2
A 5029200 1676400 203200 1 3 3 #=84
A 0 0 9 0 3 0 PINTYPE=BI
P 94 5334000 2032000 5334000 1524000 0 0 0
L 5334000 1447800 228600 1 8 0 1 0 AGND_2
A 5283200 1676400 203200 1 3 3 #=83
A 0 0 9 0 3 0 PINTYPE=BI
P 95 5588000 2032000 5588000 1524000 0 0 0
L 5588000 1447800 228600 1 8 0 1 0 AVDD_1
A 5537200 1676400 203200 1 3 3 #=82
A 0 0 9 0 3 0 PINTYPE=BI
P 96 5842000 2032000 5842000 1524000 0 0 0
L 5842000 1447800 228600 1 8 0 1 0 RX2-
A 5791200 1676400 203200 1 3 3 #=81
A 0 0 9 0 3 0 PINTYPE=BI
P 97 6096000 2032000 6096000 1524000 0 0 0
L 6096000 1447800 228600 1 8 0 1 0 RX2+
A 6045200 1676400 203200 1 3 3 #=80
A 0 0 9 0 3 0 PINTYPE=BI
P 98 6350000 2032000 6350000 1524000 0 0 0
L 6350000 1447800 228600 1 8 0 1 0 AGND_1
A 6299200 1676400 203200 1 3 3 #=79
A 0 0 9 0 3 0 PINTYPE=BI
P 99 6604000 2032000 6604000 1524000 0 0 0
L 6604000 1447800 228600 1 8 0 1 0 OVDD_5
A 6553200 1676400 203200 1 3 3 #=78
A 0 0 9 0 3 0 PINTYPE=BI
P 100 6858000 2032000 6858000 1524000 0 0 0
L 6858000 1447800 228600 1 8 0 1 0 QO23
A 6807200 1676400 203200 1 3 3 #=77
A 0 0 9 0 3 0 PINTYPE=BI
P 101 7112000 2032000 7112000 1524000 0 0 0
L 7112000 1447800 228600 1 8 0 1 0 OGND_5
A 7061200 1676400 203200 1 3 3 #=76
A 0 0 9 0 3 0 PINTYPE=BI
E
